16 1
17 3
18 3
54 2
55 2
58 1
60 3
62 3
66 3
85 2
86 1
87 1
97 3
105 2
116 2
119 2
120 2
121 2
141 2
180 2
201 2
206 3
224 1
225 1
173 0
0 0
1 1
2 0
3 0
5 0
6 1
7 0
8 1
9 1
10 0
11 0
12 0
14 0
15 1
19 1
20 1
21 1
22 0
23 0
25 1
27 1
28 1
29 1
30 1
31 0
32 0
34 0
36 2
37 1
38 1
39 0
40 1
42 0
44 0
45 0
46 0
47 1
48 0
50 1
52 0
53 1
59 1
61 3
64 1
67 1
68 0
69 1
70 0
72 0
73 0
74 0
75 0
76 1
77 0
78 0
79 1
80 1
81 1
82 1
83 0
84 1
88 1
89 0
90 1
91 0
92 0
93 0
94 0
96 1
98 0
99 0
100 0
101 0
102 0
103 0
104 0
106 0
107 1
108 0
109 0
110 0
111 0
113 0
114 0
115 1
117 1
118 1
124 1
125 0
126 0
127 0
129 1
130 1
133 1
134 0
135 1
136 1
137 1
138 0
139 0
140 0
142 1
143 1
144 0
145 1
146 0
147 0
148 1
149 1
152 0
153 0
155 0
156 1
157 0
159 1
160 0
161 0
162 0
164 0
165 1
166 0
167 1
168 0
169 0
170 0
171 1
174 1
175 0
176 0
177 0
178 0
181 1
183 0
184 0
185 1
186 0
187 1
188 1
189 0
190 0
191 0
192 1
193 0
194 0
196 0
197 0
198 0
199 1
200 1
202 1
203 1
205 1
207 0
208 0
209 0
210 0
211 1
212 0
214 0
215 0
216 1
217 0
218 0
219 0
221 1
222 0
223 1
226 0
227 1
228 0
229 1
230 0
231 0
232 0
234 1
235 1
236 1
238 1
240 1
241 1
243 1
244 1
245 1
246 1
249 0
250 0
251 1
252 1
253 1
33 1
