59 2
58 2
3 2
167 3
8 3
49 1
51 2
61 2
138 2
165 2
166 2
1 0
2 1
4 1
5 0
6 1
7 1
9 1
10 0
11 1
13 1
14 0
15 0
16 0
17 1
18 0
19 0
21 1
22 1
24 0
25 0
26 0
27 0
28 1
29 1
30 1
31 0
33 1
34 1
38 0
39 0
40 0
41 1
43 0
46 1
47 1
50 1
52 1
53 1
54 1
55 0
56 0
57 1
60 0
62 0
66 0
67 0
68 1
70 1
72 0
74 0
75 1
76 0
77 0
78 0
79 0
80 0
81 1
82 0
84 0
85 0
86 0
87 1
89 0
90 1
91 0
92 0
93 0
94 0
95 0
96 1
97 0
98 0
100 1
101 1
102 0
103 0
105 0
106 0
107 0
109 0
110 1
114 1
115 0
116 1
117 0
118 0
119 1
120 0
121 0
122 0
123 0
124 1
126 0
127 0
128 0
129 1
131 0
132 1
133 1
134 1
136 0
137 1
141 0
142 0
146 0
147 1
150 1
151 0
152 0
153 0
154 0
155 0
156 0
158 1
159 0
160 0
161 0
162 0
163 0
164 1
170 1
171 1
172 1
174 1
184 1
185 1
186 1
188 1
189 1
190 1
0 0
23 0
36 2
143 0
144 1
104 1
191 1
173 1
