113 3
115 3
123 1
116 3
117 3
120 3
118 3
119 3
129 3
128 3
131 3
130 2
132 2
121 2
122 2
127 2
133 2
1 0
2 0
3 0
4 0
5 0
6 0
7 0
8 1
9 0
10 0
11 0
14 0
15 0
16 1
18 0
19 0
20 0
21 0
22 0
23 0
24 0
25 1
26 0
27 0
28 0
29 0
30 0
31 0
32 0
33 0
34 0
36 0
37 0
38 0
39 1
40 0
41 0
42 0
43 0
44 1
45 0
46 0
47 0
48 1
50 0
51 0
52 0
53 0
54 0
55 0
56 0
57 0
58 0
59 0
60 0
62 0
63 0
64 0
65 1
68 0
69 0
70 0
71 1
72 0
73 0
75 0
77 1
78 0
81 0
82 0
83 1
84 1
85 1
86 0
87 0
88 0
89 0
90 0
91 1
92 1
93 1
94 1
95 0
96 0
97 0
98 1
99 0
100 0
101 0
102 0
103 0
104 0
105 0
106 0
107 1
108 1
110 1
111 1
112 1
114 1
124 1
125 1
126 1
135 0
138 1
139 1
140 1
141 1
142 1
143 1
79 1
136 1
61 0
149 1
134 0
