3.031000000000000000e+03 1.048000000000000000e+03
3.028000000000000000e+03 1.070000000000000000e+03
3.011000000000000000e+03 1.093000000000000000e+03
3.007000000000000000e+03 1.122000000000000000e+03
2.997000000000000000e+03 1.150000000000000000e+03
2.988000000000000000e+03 1.179000000000000000e+03
2.974000000000000000e+03 1.206000000000000000e+03
2.961000000000000000e+03 1.232000000000000000e+03
2.945000000000000000e+03 1.256000000000000000e+03
2.927000000000000000e+03 1.279000000000000000e+03
2.910000000000000000e+03 1.304000000000000000e+03
2.892000000000000000e+03 1.329000000000000000e+03
2.872000000000000000e+03 1.351000000000000000e+03
2.852000000000000000e+03 1.372000000000000000e+03
2.828000000000000000e+03 1.390000000000000000e+03
2.806000000000000000e+03 1.408000000000000000e+03
2.785000000000000000e+03 1.430000000000000000e+03
2.766000000000000000e+03 1.453000000000000000e+03
2.745000000000000000e+03 1.473000000000000000e+03
2.722000000000000000e+03 1.492000000000000000e+03
2.699000000000000000e+03 1.511000000000000000e+03
2.676000000000000000e+03 1.529000000000000000e+03
2.653000000000000000e+03 1.549000000000000000e+03
2.633000000000000000e+03 1.570000000000000000e+03
2.612000000000000000e+03 1.592000000000000000e+03
2.589000000000000000e+03 1.612000000000000000e+03
2.568000000000000000e+03 1.630000000000000000e+03
2.542000000000000000e+03 1.647000000000000000e+03
2.517000000000000000e+03 1.662000000000000000e+03
2.492000000000000000e+03 1.676000000000000000e+03
2.465000000000000000e+03 1.691000000000000000e+03
2.439000000000000000e+03 1.705000000000000000e+03
2.413000000000000000e+03 1.717000000000000000e+03
2.385000000000000000e+03 1.729000000000000000e+03
2.358000000000000000e+03 1.742000000000000000e+03
2.332000000000000000e+03 1.757000000000000000e+03
2.305000000000000000e+03 1.771000000000000000e+03
2.279000000000000000e+03 1.782000000000000000e+03
2.252000000000000000e+03 1.796000000000000000e+03
2.225000000000000000e+03 1.808000000000000000e+03
2.197000000000000000e+03 1.820000000000000000e+03
2.169000000000000000e+03 1.832000000000000000e+03
2.142000000000000000e+03 1.840000000000000000e+03
2.113000000000000000e+03 1.850000000000000000e+03
2.084000000000000000e+03 1.857000000000000000e+03
2.055000000000000000e+03 1.863000000000000000e+03
2.027000000000000000e+03 1.871000000000000000e+03
1.998000000000000000e+03 1.877000000000000000e+03
1.969000000000000000e+03 1.884000000000000000e+03
1.940000000000000000e+03 1.890000000000000000e+03
1.912000000000000000e+03 1.895000000000000000e+03
1.882000000000000000e+03 1.898000000000000000e+03
1.852000000000000000e+03 1.901000000000000000e+03
1.823000000000000000e+03 1.903000000000000000e+03
1.793000000000000000e+03 1.902000000000000000e+03
1.763000000000000000e+03 1.900000000000000000e+03
1.734000000000000000e+03 1.896000000000000000e+03
1.704000000000000000e+03 1.893000000000000000e+03
1.675000000000000000e+03 1.891000000000000000e+03
1.646000000000000000e+03 1.888000000000000000e+03
1.616000000000000000e+03 1.885000000000000000e+03
1.588000000000000000e+03 1.880000000000000000e+03
1.559000000000000000e+03 1.871000000000000000e+03
1.531000000000000000e+03 1.864000000000000000e+03
1.502000000000000000e+03 1.856000000000000000e+03
1.473000000000000000e+03 1.848000000000000000e+03
1.444000000000000000e+03 1.841000000000000000e+03
1.414000000000000000e+03 1.835000000000000000e+03
1.387000000000000000e+03 1.828000000000000000e+03
1.358000000000000000e+03 1.821000000000000000e+03
1.328000000000000000e+03 1.815000000000000000e+03
1.299000000000000000e+03 1.812000000000000000e+03
1.270000000000000000e+03 1.808000000000000000e+03
1.241000000000000000e+03 1.801000000000000000e+03
1.211000000000000000e+03 1.794000000000000000e+03
1.183000000000000000e+03 1.786000000000000000e+03
1.155000000000000000e+03 1.775000000000000000e+03
1.128000000000000000e+03 1.767000000000000000e+03
1.099000000000000000e+03 1.755000000000000000e+03
1.072000000000000000e+03 1.746000000000000000e+03
1.043000000000000000e+03 1.735000000000000000e+03
1.014000000000000000e+03 1.726000000000000000e+03
9.880000000000000000e+02 1.716000000000000000e+03
9.610000000000000000e+02 1.703000000000000000e+03
9.330000000000000000e+02 1.691000000000000000e+03
9.070000000000000000e+02 1.678000000000000000e+03
8.800000000000000000e+02 1.664000000000000000e+03
8.550000000000000000e+02 1.647000000000000000e+03
8.310000000000000000e+02 1.631000000000000000e+03
8.060000000000000000e+02 1.613000000000000000e+03
7.830000000000000000e+02 1.595000000000000000e+03
7.570000000000000000e+02 1.580000000000000000e+03
7.320000000000000000e+02 1.564000000000000000e+03
7.070000000000000000e+02 1.549000000000000000e+03
6.810000000000000000e+02 1.533000000000000000e+03
6.590000000000000000e+02 1.514000000000000000e+03
6.340000000000000000e+02 1.497000000000000000e+03
6.090000000000000000e+02 1.482000000000000000e+03
5.840000000000000000e+02 1.466000000000000000e+03
5.570000000000000000e+02 1.452000000000000000e+03
5.330000000000000000e+02 1.435000000000000000e+03
5.080000000000000000e+02 1.418000000000000000e+03
4.840000000000000000e+02 1.402000000000000000e+03
4.600000000000000000e+02 1.382000000000000000e+03
4.360000000000000000e+02 1.365000000000000000e+03
4.130000000000000000e+02 1.348000000000000000e+03
3.910000000000000000e+02 1.327000000000000000e+03
3.700000000000000000e+02 1.306000000000000000e+03
3.490000000000000000e+02 1.287000000000000000e+03
3.260000000000000000e+02 1.266000000000000000e+03
3.060000000000000000e+02 1.244000000000000000e+03
2.830000000000000000e+02 1.225000000000000000e+03
2.630000000000000000e+02 1.203000000000000000e+03
2.420000000000000000e+02 1.182000000000000000e+03
2.230000000000000000e+02 1.159000000000000000e+03
2.050000000000000000e+02 1.137000000000000000e+03
1.850000000000000000e+02 1.115000000000000000e+03
1.640000000000000000e+02 1.093000000000000000e+03
1.410000000000000000e+02 1.074000000000000000e+03
1.330000000000000000e+02 1.048000000000000000e+03
