2.907000000000000000e+03 1.044000000000000000e+03
2.933000000000000000e+03 1.029000000000000000e+03
2.953000000000000000e+03 1.013000000000000000e+03
2.925000000000000000e+03 1.007000000000000000e+03
2.895000000000000000e+03 1.005000000000000000e+03
2.871000000000000000e+03 9.910000000000000000e+02
2.862000000000000000e+03 9.630000000000000000e+02
2.852000000000000000e+03 9.350000000000000000e+02
2.843000000000000000e+03 9.070000000000000000e+02
2.831000000000000000e+03 8.810000000000000000e+02
2.817000000000000000e+03 8.540000000000000000e+02
2.805000000000000000e+03 8.270000000000000000e+02
2.790000000000000000e+03 8.030000000000000000e+02
2.778000000000000000e+03 7.740000000000000000e+02
2.766000000000000000e+03 7.490000000000000000e+02
2.749000000000000000e+03 7.230000000000000000e+02
2.732000000000000000e+03 6.980000000000000000e+02
2.716000000000000000e+03 6.740000000000000000e+02
2.699000000000000000e+03 6.490000000000000000e+02
2.681000000000000000e+03 6.260000000000000000e+02
2.661000000000000000e+03 6.060000000000000000e+02
2.641000000000000000e+03 5.820000000000000000e+02
2.621000000000000000e+03 5.620000000000000000e+02
2.601000000000000000e+03 5.400000000000000000e+02
2.580000000000000000e+03 5.190000000000000000e+02
2.556000000000000000e+03 5.000000000000000000e+02
2.535000000000000000e+03 4.810000000000000000e+02
2.514000000000000000e+03 4.600000000000000000e+02
2.489000000000000000e+03 4.420000000000000000e+02
2.465000000000000000e+03 4.260000000000000000e+02
2.441000000000000000e+03 4.090000000000000000e+02
2.415000000000000000e+03 3.930000000000000000e+02
2.389000000000000000e+03 3.770000000000000000e+02
2.363000000000000000e+03 3.630000000000000000e+02
2.338000000000000000e+03 3.480000000000000000e+02
2.314000000000000000e+03 3.330000000000000000e+02
2.287000000000000000e+03 3.190000000000000000e+02
2.261000000000000000e+03 3.050000000000000000e+02
2.233000000000000000e+03 2.910000000000000000e+02
2.208000000000000000e+03 2.760000000000000000e+02
2.182000000000000000e+03 2.650000000000000000e+02
2.154000000000000000e+03 2.540000000000000000e+02
2.126000000000000000e+03 2.440000000000000000e+02
2.097000000000000000e+03 2.370000000000000000e+02
2.068000000000000000e+03 2.280000000000000000e+02
2.041000000000000000e+03 2.180000000000000000e+02
2.012000000000000000e+03 2.110000000000000000e+02
1.982000000000000000e+03 2.040000000000000000e+02
1.954000000000000000e+03 1.990000000000000000e+02
1.924000000000000000e+03 1.950000000000000000e+02
1.895000000000000000e+03 1.910000000000000000e+02
1.867000000000000000e+03 1.870000000000000000e+02
1.837000000000000000e+03 1.830000000000000000e+02
1.807000000000000000e+03 1.810000000000000000e+02
1.778000000000000000e+03 1.790000000000000000e+02
1.748000000000000000e+03 1.790000000000000000e+02
1.718000000000000000e+03 1.780000000000000000e+02
1.689000000000000000e+03 1.800000000000000000e+02
1.659000000000000000e+03 1.830000000000000000e+02
1.630000000000000000e+03 1.870000000000000000e+02
1.602000000000000000e+03 1.930000000000000000e+02
1.572000000000000000e+03 2.000000000000000000e+02
1.543000000000000000e+03 2.050000000000000000e+02
1.514000000000000000e+03 2.080000000000000000e+02
1.485000000000000000e+03 2.150000000000000000e+02
1.456000000000000000e+03 2.190000000000000000e+02
1.427000000000000000e+03 2.250000000000000000e+02
1.398000000000000000e+03 2.320000000000000000e+02
1.369000000000000000e+03 2.370000000000000000e+02
1.340000000000000000e+03 2.420000000000000000e+02
1.312000000000000000e+03 2.510000000000000000e+02
1.283000000000000000e+03 2.610000000000000000e+02
1.256000000000000000e+03 2.690000000000000000e+02
1.227000000000000000e+03 2.790000000000000000e+02
1.199000000000000000e+03 2.870000000000000000e+02
1.170000000000000000e+03 2.960000000000000000e+02
1.142000000000000000e+03 3.050000000000000000e+02
1.113000000000000000e+03 3.130000000000000000e+02
1.084000000000000000e+03 3.220000000000000000e+02
1.057000000000000000e+03 3.300000000000000000e+02
1.029000000000000000e+03 3.400000000000000000e+02
1.001000000000000000e+03 3.510000000000000000e+02
9.730000000000000000e+02 3.610000000000000000e+02
9.460000000000000000e+02 3.730000000000000000e+02
9.190000000000000000e+02 3.840000000000000000e+02
8.910000000000000000e+02 3.970000000000000000e+02
8.650000000000000000e+02 4.090000000000000000e+02
8.390000000000000000e+02 4.260000000000000000e+02
8.150000000000000000e+02 4.430000000000000000e+02
7.900000000000000000e+02 4.590000000000000000e+02
7.660000000000000000e+02 4.760000000000000000e+02
7.410000000000000000e+02 4.930000000000000000e+02
7.170000000000000000e+02 5.080000000000000000e+02
6.930000000000000000e+02 5.270000000000000000e+02
6.690000000000000000e+02 5.430000000000000000e+02
6.460000000000000000e+02 5.610000000000000000e+02
6.230000000000000000e+02 5.790000000000000000e+02
6.010000000000000000e+02 6.000000000000000000e+02
5.780000000000000000e+02 6.200000000000000000e+02
5.550000000000000000e+02 6.390000000000000000e+02
5.330000000000000000e+02 6.580000000000000000e+02
5.110000000000000000e+02 6.760000000000000000e+02
4.870000000000000000e+02 6.950000000000000000e+02
4.640000000000000000e+02 7.130000000000000000e+02
4.410000000000000000e+02 7.330000000000000000e+02
4.190000000000000000e+02 7.530000000000000000e+02
3.980000000000000000e+02 7.720000000000000000e+02
3.770000000000000000e+02 7.940000000000000000e+02
3.550000000000000000e+02 8.140000000000000000e+02
3.320000000000000000e+02 8.330000000000000000e+02
3.120000000000000000e+02 8.530000000000000000e+02
2.910000000000000000e+02 8.740000000000000000e+02
2.690000000000000000e+02 8.950000000000000000e+02
2.490000000000000000e+02 9.170000000000000000e+02
2.270000000000000000e+02 9.370000000000000000e+02
2.080000000000000000e+02 9.590000000000000000e+02
1.870000000000000000e+02 9.810000000000000000e+02
1.660000000000000000e+02 1.001000000000000000e+03
1.440000000000000000e+02 1.021000000000000000e+03
1.310000000000000000e+02 1.043000000000000000e+03
