3.118000000000000000e+03 1.133000000000000000e+03
3.145000000000000000e+03 1.139000000000000000e+03
3.079000000000000000e+03 1.099000000000000000e+03
3.064000000000000000e+03 1.074000000000000000e+03
3.048000000000000000e+03 1.048000000000000000e+03
3.033000000000000000e+03 1.022000000000000000e+03
3.015000000000000000e+03 9.990000000000000000e+02
3.000000000000000000e+03 9.730000000000000000e+02
2.985000000000000000e+03 9.470000000000000000e+02
2.966000000000000000e+03 9.250000000000000000e+02
2.950000000000000000e+03 8.990000000000000000e+02
2.936000000000000000e+03 8.740000000000000000e+02
2.921000000000000000e+03 8.480000000000000000e+02
2.907000000000000000e+03 8.220000000000000000e+02
2.891000000000000000e+03 7.970000000000000000e+02
2.876000000000000000e+03 7.730000000000000000e+02
2.861000000000000000e+03 7.480000000000000000e+02
2.842000000000000000e+03 7.240000000000000000e+02
2.825000000000000000e+03 7.000000000000000000e+02
2.805000000000000000e+03 6.760000000000000000e+02
2.786000000000000000e+03 6.540000000000000000e+02
2.766000000000000000e+03 6.330000000000000000e+02
2.745000000000000000e+03 6.120000000000000000e+02
2.722000000000000000e+03 5.930000000000000000e+02
2.699000000000000000e+03 5.750000000000000000e+02
2.676000000000000000e+03 5.560000000000000000e+02
2.652000000000000000e+03 5.390000000000000000e+02
2.629000000000000000e+03 5.190000000000000000e+02
2.606000000000000000e+03 5.000000000000000000e+02
2.583000000000000000e+03 4.820000000000000000e+02
2.558000000000000000e+03 4.650000000000000000e+02
2.534000000000000000e+03 4.490000000000000000e+02
2.506000000000000000e+03 4.360000000000000000e+02
2.479000000000000000e+03 4.230000000000000000e+02
2.453000000000000000e+03 4.100000000000000000e+02
2.426000000000000000e+03 3.970000000000000000e+02
2.398000000000000000e+03 3.850000000000000000e+02
2.370000000000000000e+03 3.760000000000000000e+02
2.340000000000000000e+03 3.690000000000000000e+02
2.312000000000000000e+03 3.630000000000000000e+02
2.283000000000000000e+03 3.570000000000000000e+02
2.254000000000000000e+03 3.510000000000000000e+02
2.225000000000000000e+03 3.450000000000000000e+02
2.196000000000000000e+03 3.400000000000000000e+02
2.167000000000000000e+03 3.360000000000000000e+02
2.137000000000000000e+03 3.310000000000000000e+02
2.108000000000000000e+03 3.270000000000000000e+02
2.078000000000000000e+03 3.250000000000000000e+02
2.049000000000000000e+03 3.230000000000000000e+02
2.019000000000000000e+03 3.200000000000000000e+02
1.990000000000000000e+03 3.190000000000000000e+02
1.961000000000000000e+03 3.200000000000000000e+02
1.930000000000000000e+03 3.170000000000000000e+02
1.901000000000000000e+03 3.170000000000000000e+02
1.871000000000000000e+03 3.170000000000000000e+02
1.841000000000000000e+03 3.190000000000000000e+02
1.812000000000000000e+03 3.190000000000000000e+02
1.782000000000000000e+03 3.230000000000000000e+02
1.753000000000000000e+03 3.290000000000000000e+02
1.724000000000000000e+03 3.340000000000000000e+02
1.695000000000000000e+03 3.410000000000000000e+02
1.667000000000000000e+03 3.480000000000000000e+02
1.637000000000000000e+03 3.540000000000000000e+02
1.608000000000000000e+03 3.580000000000000000e+02
1.579000000000000000e+03 3.650000000000000000e+02
1.550000000000000000e+03 3.710000000000000000e+02
1.520000000000000000e+03 3.780000000000000000e+02
1.492000000000000000e+03 3.870000000000000000e+02
1.464000000000000000e+03 3.950000000000000000e+02
1.436000000000000000e+03 4.030000000000000000e+02
1.407000000000000000e+03 4.100000000000000000e+02
1.379000000000000000e+03 4.200000000000000000e+02
1.349000000000000000e+03 4.290000000000000000e+02
1.321000000000000000e+03 4.360000000000000000e+02
1.292000000000000000e+03 4.450000000000000000e+02
1.264000000000000000e+03 4.540000000000000000e+02
1.236000000000000000e+03 4.650000000000000000e+02
1.207000000000000000e+03 4.750000000000000000e+02
1.180000000000000000e+03 4.840000000000000000e+02
1.151000000000000000e+03 4.940000000000000000e+02
1.123000000000000000e+03 5.060000000000000000e+02
1.095000000000000000e+03 5.150000000000000000e+02
1.068000000000000000e+03 5.270000000000000000e+02
1.041000000000000000e+03 5.380000000000000000e+02
1.015000000000000000e+03 5.520000000000000000e+02
9.870000000000000000e+02 5.640000000000000000e+02
9.600000000000000000e+02 5.780000000000000000e+02
9.350000000000000000e+02 5.940000000000000000e+02
9.100000000000000000e+02 6.090000000000000000e+02
8.840000000000000000e+02 6.240000000000000000e+02
8.590000000000000000e+02 6.400000000000000000e+02
8.340000000000000000e+02 6.580000000000000000e+02
8.100000000000000000e+02 6.740000000000000000e+02
7.840000000000000000e+02 6.900000000000000000e+02
7.590000000000000000e+02 7.070000000000000000e+02
7.350000000000000000e+02 7.250000000000000000e+02
7.120000000000000000e+02 7.420000000000000000e+02
6.870000000000000000e+02 7.580000000000000000e+02
6.620000000000000000e+02 7.740000000000000000e+02
6.390000000000000000e+02 7.920000000000000000e+02
6.160000000000000000e+02 8.110000000000000000e+02
5.920000000000000000e+02 8.290000000000000000e+02
5.670000000000000000e+02 8.470000000000000000e+02
5.440000000000000000e+02 8.650000000000000000e+02
5.190000000000000000e+02 8.830000000000000000e+02
4.940000000000000000e+02 8.970000000000000000e+02
4.690000000000000000e+02 9.140000000000000000e+02
4.450000000000000000e+02 9.320000000000000000e+02
4.190000000000000000e+02 9.480000000000000000e+02
3.980000000000000000e+02 9.670000000000000000e+02
3.740000000000000000e+02 9.840000000000000000e+02
3.500000000000000000e+02 1.002000000000000000e+03
3.290000000000000000e+02 1.022000000000000000e+03
3.050000000000000000e+02 1.041000000000000000e+03
2.830000000000000000e+02 1.061000000000000000e+03
2.590000000000000000e+02 1.079000000000000000e+03
2.360000000000000000e+02 1.098000000000000000e+03
2.130000000000000000e+02 1.117000000000000000e+03
1.920000000000000000e+02 1.138000000000000000e+03
1.720000000000000000e+02 1.160000000000000000e+03
