3.044000000000000000e+03 1.072000000000000000e+03
3.028000000000000000e+03 1.095000000000000000e+03
3.009000000000000000e+03 1.117000000000000000e+03
2.997000000000000000e+03 1.144000000000000000e+03
2.981000000000000000e+03 1.169000000000000000e+03
2.965000000000000000e+03 1.194000000000000000e+03
2.949000000000000000e+03 1.219000000000000000e+03
2.936000000000000000e+03 1.245000000000000000e+03
2.920000000000000000e+03 1.270000000000000000e+03
2.904000000000000000e+03 1.295000000000000000e+03
2.890000000000000000e+03 1.323000000000000000e+03
2.874000000000000000e+03 1.347000000000000000e+03
2.857000000000000000e+03 1.373000000000000000e+03
2.840000000000000000e+03 1.397000000000000000e+03
2.823000000000000000e+03 1.422000000000000000e+03
2.806000000000000000e+03 1.446000000000000000e+03
2.788000000000000000e+03 1.470000000000000000e+03
2.770000000000000000e+03 1.492000000000000000e+03
2.748000000000000000e+03 1.512000000000000000e+03
2.723000000000000000e+03 1.530000000000000000e+03
2.702000000000000000e+03 1.550000000000000000e+03
2.683000000000000000e+03 1.573000000000000000e+03
2.667000000000000000e+03 1.597000000000000000e+03
2.647000000000000000e+03 1.621000000000000000e+03
2.627000000000000000e+03 1.642000000000000000e+03
2.603000000000000000e+03 1.661000000000000000e+03
2.580000000000000000e+03 1.678000000000000000e+03
2.555000000000000000e+03 1.696000000000000000e+03
2.532000000000000000e+03 1.714000000000000000e+03
2.506000000000000000e+03 1.729000000000000000e+03
2.481000000000000000e+03 1.744000000000000000e+03
2.456000000000000000e+03 1.761000000000000000e+03
2.432000000000000000e+03 1.780000000000000000e+03
2.407000000000000000e+03 1.794000000000000000e+03
2.378000000000000000e+03 1.803000000000000000e+03
2.352000000000000000e+03 1.815000000000000000e+03
2.326000000000000000e+03 1.832000000000000000e+03
2.299000000000000000e+03 1.842000000000000000e+03
2.271000000000000000e+03 1.852000000000000000e+03
2.242000000000000000e+03 1.861000000000000000e+03
2.213000000000000000e+03 1.870000000000000000e+03
2.185000000000000000e+03 1.880000000000000000e+03
2.157000000000000000e+03 1.890000000000000000e+03
2.128000000000000000e+03 1.902000000000000000e+03
2.100000000000000000e+03 1.908000000000000000e+03
2.071000000000000000e+03 1.915000000000000000e+03
2.042000000000000000e+03 1.922000000000000000e+03
2.013000000000000000e+03 1.927000000000000000e+03
1.983000000000000000e+03 1.929000000000000000e+03
1.953000000000000000e+03 1.930000000000000000e+03
1.924000000000000000e+03 1.932000000000000000e+03
1.895000000000000000e+03 1.938000000000000000e+03
1.864000000000000000e+03 1.939000000000000000e+03
1.835000000000000000e+03 1.938000000000000000e+03
1.805000000000000000e+03 1.935000000000000000e+03
1.776000000000000000e+03 1.930000000000000000e+03
1.746000000000000000e+03 1.929000000000000000e+03
1.717000000000000000e+03 1.928000000000000000e+03
1.687000000000000000e+03 1.925000000000000000e+03
1.658000000000000000e+03 1.918000000000000000e+03
1.629000000000000000e+03 1.913000000000000000e+03
1.599000000000000000e+03 1.912000000000000000e+03
1.569000000000000000e+03 1.908000000000000000e+03
1.540000000000000000e+03 1.903000000000000000e+03
1.511000000000000000e+03 1.897000000000000000e+03
1.483000000000000000e+03 1.889000000000000000e+03
1.453000000000000000e+03 1.881000000000000000e+03
1.423000000000000000e+03 1.875000000000000000e+03
1.395000000000000000e+03 1.868000000000000000e+03
1.366000000000000000e+03 1.861000000000000000e+03
1.337000000000000000e+03 1.855000000000000000e+03
1.309000000000000000e+03 1.846000000000000000e+03
1.281000000000000000e+03 1.837000000000000000e+03
1.253000000000000000e+03 1.827000000000000000e+03
1.224000000000000000e+03 1.820000000000000000e+03
1.194000000000000000e+03 1.811000000000000000e+03
1.165000000000000000e+03 1.805000000000000000e+03
1.137000000000000000e+03 1.794000000000000000e+03
1.111000000000000000e+03 1.781000000000000000e+03
1.083000000000000000e+03 1.768000000000000000e+03
1.057000000000000000e+03 1.755000000000000000e+03
1.031000000000000000e+03 1.741000000000000000e+03
1.004000000000000000e+03 1.725000000000000000e+03
9.800000000000000000e+02 1.709000000000000000e+03
9.560000000000000000e+02 1.691000000000000000e+03
9.320000000000000000e+02 1.673000000000000000e+03
9.080000000000000000e+02 1.657000000000000000e+03
8.830000000000000000e+02 1.640000000000000000e+03
8.570000000000000000e+02 1.624000000000000000e+03
8.320000000000000000e+02 1.608000000000000000e+03
8.080000000000000000e+02 1.592000000000000000e+03
7.840000000000000000e+02 1.575000000000000000e+03
7.580000000000000000e+02 1.558000000000000000e+03
7.340000000000000000e+02 1.542000000000000000e+03
7.090000000000000000e+02 1.526000000000000000e+03
6.840000000000000000e+02 1.509000000000000000e+03
6.610000000000000000e+02 1.492000000000000000e+03
6.370000000000000000e+02 1.475000000000000000e+03
6.120000000000000000e+02 1.457000000000000000e+03
5.880000000000000000e+02 1.439000000000000000e+03
5.640000000000000000e+02 1.420000000000000000e+03
5.400000000000000000e+02 1.402000000000000000e+03
5.170000000000000000e+02 1.385000000000000000e+03
4.950000000000000000e+02 1.365000000000000000e+03
4.700000000000000000e+02 1.348000000000000000e+03
4.490000000000000000e+02 1.328000000000000000e+03
4.230000000000000000e+02 1.310000000000000000e+03
4.000000000000000000e+02 1.291000000000000000e+03
3.770000000000000000e+02 1.273000000000000000e+03
3.540000000000000000e+02 1.256000000000000000e+03
3.310000000000000000e+02 1.236000000000000000e+03
3.060000000000000000e+02 1.219000000000000000e+03
2.830000000000000000e+02 1.201000000000000000e+03
2.580000000000000000e+02 1.183000000000000000e+03
2.340000000000000000e+02 1.166000000000000000e+03
2.090000000000000000e+02 1.148000000000000000e+03
1.850000000000000000e+02 1.131000000000000000e+03
1.630000000000000000e+02 1.112000000000000000e+03
1.390000000000000000e+02 1.092000000000000000e+03
1.180000000000000000e+02 1.072000000000000000e+03
