3.173000000000000000e+03 9.800000000000000000e+02
3.151000000000000000e+03 9.590000000000000000e+02
3.137000000000000000e+03 9.300000000000000000e+02
3.127000000000000000e+03 9.010000000000000000e+02
3.111000000000000000e+03 8.750000000000000000e+02
3.096000000000000000e+03 8.470000000000000000e+02
3.079000000000000000e+03 8.210000000000000000e+02
3.061000000000000000e+03 7.950000000000000000e+02
3.045000000000000000e+03 7.690000000000000000e+02
3.027000000000000000e+03 7.430000000000000000e+02
3.010000000000000000e+03 7.180000000000000000e+02
2.992000000000000000e+03 6.920000000000000000e+02
2.974000000000000000e+03 6.680000000000000000e+02
2.959000000000000000e+03 6.410000000000000000e+02
2.942000000000000000e+03 6.140000000000000000e+02
2.926000000000000000e+03 5.870000000000000000e+02
2.905000000000000000e+03 5.640000000000000000e+02
2.886000000000000000e+03 5.410000000000000000e+02
2.865000000000000000e+03 5.170000000000000000e+02
2.842000000000000000e+03 4.970000000000000000e+02
2.818000000000000000e+03 4.760000000000000000e+02
2.798000000000000000e+03 4.520000000000000000e+02
2.776000000000000000e+03 4.300000000000000000e+02
2.752000000000000000e+03 4.110000000000000000e+02
2.727000000000000000e+03 3.910000000000000000e+02
2.702000000000000000e+03 3.740000000000000000e+02
2.677000000000000000e+03 3.560000000000000000e+02
2.650000000000000000e+03 3.390000000000000000e+02
2.624000000000000000e+03 3.230000000000000000e+02
2.596000000000000000e+03 3.080000000000000000e+02
2.569000000000000000e+03 2.930000000000000000e+02
2.540000000000000000e+03 2.800000000000000000e+02
2.511000000000000000e+03 2.670000000000000000e+02
2.483000000000000000e+03 2.550000000000000000e+02
2.455000000000000000e+03 2.400000000000000000e+02
2.428000000000000000e+03 2.260000000000000000e+02
2.399000000000000000e+03 2.130000000000000000e+02
2.370000000000000000e+03 2.020000000000000000e+02
2.340000000000000000e+03 1.920000000000000000e+02
2.311000000000000000e+03 1.790000000000000000e+02
2.283000000000000000e+03 1.660000000000000000e+02
2.253000000000000000e+03 1.600000000000000000e+02
2.222000000000000000e+03 1.550000000000000000e+02
2.193000000000000000e+03 1.480000000000000000e+02
2.163000000000000000e+03 1.360000000000000000e+02
2.133000000000000000e+03 1.270000000000000000e+02
2.103000000000000000e+03 1.190000000000000000e+02
2.072000000000000000e+03 1.130000000000000000e+02
2.041000000000000000e+03 1.090000000000000000e+02
2.011000000000000000e+03 1.040000000000000000e+02
1.980000000000000000e+03 1.010000000000000000e+02
1.949000000000000000e+03 1.010000000000000000e+02
1.918000000000000000e+03 9.500000000000000000e+01
1.887000000000000000e+03 9.300000000000000000e+01
1.856000000000000000e+03 9.500000000000000000e+01
1.825000000000000000e+03 9.700000000000000000e+01
1.794000000000000000e+03 9.900000000000000000e+01
1.763000000000000000e+03 1.020000000000000000e+02
1.733000000000000000e+03 1.090000000000000000e+02
1.703000000000000000e+03 1.190000000000000000e+02
1.672000000000000000e+03 1.240000000000000000e+02
1.641000000000000000e+03 1.280000000000000000e+02
1.611000000000000000e+03 1.340000000000000000e+02
1.580000000000000000e+03 1.390000000000000000e+02
1.550000000000000000e+03 1.460000000000000000e+02
1.520000000000000000e+03 1.540000000000000000e+02
1.489000000000000000e+03 1.610000000000000000e+02
1.459000000000000000e+03 1.710000000000000000e+02
1.429000000000000000e+03 1.800000000000000000e+02
1.399000000000000000e+03 1.880000000000000000e+02
1.371000000000000000e+03 2.010000000000000000e+02
1.343000000000000000e+03 2.140000000000000000e+02
1.315000000000000000e+03 2.270000000000000000e+02
1.286000000000000000e+03 2.430000000000000000e+02
1.259000000000000000e+03 2.560000000000000000e+02
1.230000000000000000e+03 2.680000000000000000e+02
1.200000000000000000e+03 2.800000000000000000e+02
1.172000000000000000e+03 2.920000000000000000e+02
1.142000000000000000e+03 3.020000000000000000e+02
1.114000000000000000e+03 3.130000000000000000e+02
1.084000000000000000e+03 3.230000000000000000e+02
1.055000000000000000e+03 3.330000000000000000e+02
1.028000000000000000e+03 3.490000000000000000e+02
9.990000000000000000e+02 3.640000000000000000e+02
9.730000000000000000e+02 3.790000000000000000e+02
9.450000000000000000e+02 3.940000000000000000e+02
9.180000000000000000e+02 4.090000000000000000e+02
8.910000000000000000e+02 4.230000000000000000e+02
8.610000000000000000e+02 4.350000000000000000e+02
8.320000000000000000e+02 4.490000000000000000e+02
8.040000000000000000e+02 4.610000000000000000e+02
7.750000000000000000e+02 4.720000000000000000e+02
7.480000000000000000e+02 4.860000000000000000e+02
7.180000000000000000e+02 4.960000000000000000e+02
6.910000000000000000e+02 5.130000000000000000e+02
6.640000000000000000e+02 5.270000000000000000e+02
6.360000000000000000e+02 5.420000000000000000e+02
6.080000000000000000e+02 5.580000000000000000e+02
5.820000000000000000e+02 5.730000000000000000e+02
5.550000000000000000e+02 5.890000000000000000e+02
5.280000000000000000e+02 6.050000000000000000e+02
5.030000000000000000e+02 6.220000000000000000e+02
4.770000000000000000e+02 6.410000000000000000e+02
4.510000000000000000e+02 6.590000000000000000e+02
4.260000000000000000e+02 6.760000000000000000e+02
4.010000000000000000e+02 6.940000000000000000e+02
3.750000000000000000e+02 7.120000000000000000e+02
3.510000000000000000e+02 7.330000000000000000e+02
3.270000000000000000e+02 7.520000000000000000e+02
3.020000000000000000e+02 7.710000000000000000e+02
2.770000000000000000e+02 7.900000000000000000e+02
2.550000000000000000e+02 8.120000000000000000e+02
2.310000000000000000e+02 8.320000000000000000e+02
2.080000000000000000e+02 8.530000000000000000e+02
1.830000000000000000e+02 8.720000000000000000e+02
1.600000000000000000e+02 8.940000000000000000e+02
1.370000000000000000e+02 9.150000000000000000e+02
1.170000000000000000e+02 9.370000000000000000e+02
9.700000000000000000e+01 9.620000000000000000e+02
7.600000000000000000e+01 9.840000000000000000e+02
