3.116000000000000000e+03 1.180000000000000000e+03
3.140000000000000000e+03 1.163000000000000000e+03
3.086000000000000000e+03 1.229000000000000000e+03
3.074000000000000000e+03 1.256000000000000000e+03
3.065000000000000000e+03 1.285000000000000000e+03
3.054000000000000000e+03 1.314000000000000000e+03
3.045000000000000000e+03 1.342000000000000000e+03
3.032000000000000000e+03 1.369000000000000000e+03
3.018000000000000000e+03 1.395000000000000000e+03
3.003000000000000000e+03 1.422000000000000000e+03
2.987000000000000000e+03 1.446000000000000000e+03
2.970000000000000000e+03 1.472000000000000000e+03
2.951000000000000000e+03 1.496000000000000000e+03
2.933000000000000000e+03 1.519000000000000000e+03
2.915000000000000000e+03 1.543000000000000000e+03
2.895000000000000000e+03 1.565000000000000000e+03
2.876000000000000000e+03 1.589000000000000000e+03
2.856000000000000000e+03 1.610000000000000000e+03
2.834000000000000000e+03 1.632000000000000000e+03
2.812000000000000000e+03 1.652000000000000000e+03
2.793000000000000000e+03 1.674000000000000000e+03
2.771000000000000000e+03 1.695000000000000000e+03
2.750000000000000000e+03 1.715000000000000000e+03
2.726000000000000000e+03 1.736000000000000000e+03
2.704000000000000000e+03 1.754000000000000000e+03
2.680000000000000000e+03 1.773000000000000000e+03
2.654000000000000000e+03 1.787000000000000000e+03
2.629000000000000000e+03 1.805000000000000000e+03
2.607000000000000000e+03 1.823000000000000000e+03
2.583000000000000000e+03 1.843000000000000000e+03
2.557000000000000000e+03 1.859000000000000000e+03
2.533000000000000000e+03 1.875000000000000000e+03
2.507000000000000000e+03 1.890000000000000000e+03
2.480000000000000000e+03 1.905000000000000000e+03
2.454000000000000000e+03 1.918000000000000000e+03
2.427000000000000000e+03 1.931000000000000000e+03
2.400000000000000000e+03 1.944000000000000000e+03
2.372000000000000000e+03 1.958000000000000000e+03
2.346000000000000000e+03 1.969000000000000000e+03
2.319000000000000000e+03 1.982000000000000000e+03
2.291000000000000000e+03 1.994000000000000000e+03
2.262000000000000000e+03 2.002000000000000000e+03
2.233000000000000000e+03 2.010000000000000000e+03
2.204000000000000000e+03 2.017000000000000000e+03
2.175000000000000000e+03 2.022000000000000000e+03
2.145000000000000000e+03 2.023000000000000000e+03
2.115000000000000000e+03 2.028000000000000000e+03
2.086000000000000000e+03 2.031000000000000000e+03
2.056000000000000000e+03 2.032000000000000000e+03
2.026000000000000000e+03 2.033000000000000000e+03
1.996000000000000000e+03 2.030000000000000000e+03
1.966000000000000000e+03 2.029000000000000000e+03
1.937000000000000000e+03 2.028000000000000000e+03
1.907000000000000000e+03 2.027000000000000000e+03
1.877000000000000000e+03 2.026000000000000000e+03
1.847000000000000000e+03 2.021000000000000000e+03
1.818000000000000000e+03 2.016000000000000000e+03
1.788000000000000000e+03 2.011000000000000000e+03
1.759000000000000000e+03 2.008000000000000000e+03
1.729000000000000000e+03 2.005000000000000000e+03
1.700000000000000000e+03 2.000000000000000000e+03
1.671000000000000000e+03 1.993000000000000000e+03
1.642000000000000000e+03 1.989000000000000000e+03
1.612000000000000000e+03 1.980000000000000000e+03
1.584000000000000000e+03 1.972000000000000000e+03
1.555000000000000000e+03 1.965000000000000000e+03
1.525000000000000000e+03 1.956000000000000000e+03
1.496000000000000000e+03 1.948000000000000000e+03
1.468000000000000000e+03 1.940000000000000000e+03
1.440000000000000000e+03 1.929000000000000000e+03
1.412000000000000000e+03 1.919000000000000000e+03
1.382000000000000000e+03 1.912000000000000000e+03
1.355000000000000000e+03 1.903000000000000000e+03
1.325000000000000000e+03 1.894000000000000000e+03
1.296000000000000000e+03 1.886000000000000000e+03
1.268000000000000000e+03 1.876000000000000000e+03
1.240000000000000000e+03 1.866000000000000000e+03
1.211000000000000000e+03 1.856000000000000000e+03
1.184000000000000000e+03 1.845000000000000000e+03
1.157000000000000000e+03 1.830000000000000000e+03
1.130000000000000000e+03 1.819000000000000000e+03
1.103000000000000000e+03 1.805000000000000000e+03
1.077000000000000000e+03 1.792000000000000000e+03
1.049000000000000000e+03 1.779000000000000000e+03
1.022000000000000000e+03 1.765000000000000000e+03
9.950000000000000000e+02 1.752000000000000000e+03
9.680000000000000000e+02 1.741000000000000000e+03
9.390000000000000000e+02 1.728000000000000000e+03
9.130000000000000000e+02 1.715000000000000000e+03
8.880000000000000000e+02 1.700000000000000000e+03
8.610000000000000000e+02 1.684000000000000000e+03
8.360000000000000000e+02 1.667000000000000000e+03
8.100000000000000000e+02 1.654000000000000000e+03
7.840000000000000000e+02 1.639000000000000000e+03
7.570000000000000000e+02 1.625000000000000000e+03
7.330000000000000000e+02 1.610000000000000000e+03
7.080000000000000000e+02 1.592000000000000000e+03
6.810000000000000000e+02 1.576000000000000000e+03
6.580000000000000000e+02 1.559000000000000000e+03
6.310000000000000000e+02 1.543000000000000000e+03
6.060000000000000000e+02 1.529000000000000000e+03
5.800000000000000000e+02 1.512000000000000000e+03
5.560000000000000000e+02 1.496000000000000000e+03
5.350000000000000000e+02 1.475000000000000000e+03
5.110000000000000000e+02 1.456000000000000000e+03
4.880000000000000000e+02 1.436000000000000000e+03
4.650000000000000000e+02 1.416000000000000000e+03
4.430000000000000000e+02 1.397000000000000000e+03
4.190000000000000000e+02 1.379000000000000000e+03
3.960000000000000000e+02 1.358000000000000000e+03
3.740000000000000000e+02 1.338000000000000000e+03
3.520000000000000000e+02 1.319000000000000000e+03
3.270000000000000000e+02 1.300000000000000000e+03
3.060000000000000000e+02 1.281000000000000000e+03
2.820000000000000000e+02 1.263000000000000000e+03
2.600000000000000000e+02 1.242000000000000000e+03
2.360000000000000000e+02 1.224000000000000000e+03
2.140000000000000000e+02 1.203000000000000000e+03
1.920000000000000000e+02 1.183000000000000000e+03
1.710000000000000000e+02 1.162000000000000000e+03
