3.126000000000000000e+03 1.094000000000000000e+03
3.097000000000000000e+03 1.103000000000000000e+03
3.078000000000000000e+03 1.126000000000000000e+03
3.068000000000000000e+03 1.155000000000000000e+03
3.057000000000000000e+03 1.184000000000000000e+03
3.045000000000000000e+03 1.213000000000000000e+03
3.035000000000000000e+03 1.243000000000000000e+03
3.023000000000000000e+03 1.273000000000000000e+03
3.013000000000000000e+03 1.302000000000000000e+03
3.000000000000000000e+03 1.330000000000000000e+03
2.985000000000000000e+03 1.358000000000000000e+03
2.969000000000000000e+03 1.385000000000000000e+03
2.953000000000000000e+03 1.411000000000000000e+03
2.935000000000000000e+03 1.437000000000000000e+03
2.913000000000000000e+03 1.460000000000000000e+03
2.891000000000000000e+03 1.482000000000000000e+03
2.871000000000000000e+03 1.505000000000000000e+03
2.851000000000000000e+03 1.529000000000000000e+03
2.831000000000000000e+03 1.553000000000000000e+03
2.811000000000000000e+03 1.578000000000000000e+03
2.790000000000000000e+03 1.602000000000000000e+03
2.768000000000000000e+03 1.622000000000000000e+03
2.744000000000000000e+03 1.644000000000000000e+03
2.721000000000000000e+03 1.663000000000000000e+03
2.699000000000000000e+03 1.684000000000000000e+03
2.673000000000000000e+03 1.704000000000000000e+03
2.648000000000000000e+03 1.722000000000000000e+03
2.625000000000000000e+03 1.742000000000000000e+03
2.599000000000000000e+03 1.761000000000000000e+03
2.573000000000000000e+03 1.778000000000000000e+03
2.549000000000000000e+03 1.797000000000000000e+03
2.524000000000000000e+03 1.817000000000000000e+03
2.499000000000000000e+03 1.834000000000000000e+03
2.470000000000000000e+03 1.849000000000000000e+03
2.444000000000000000e+03 1.864000000000000000e+03
2.416000000000000000e+03 1.878000000000000000e+03
2.388000000000000000e+03 1.891000000000000000e+03
2.359000000000000000e+03 1.907000000000000000e+03
2.333000000000000000e+03 1.923000000000000000e+03
2.305000000000000000e+03 1.938000000000000000e+03
2.277000000000000000e+03 1.953000000000000000e+03
2.249000000000000000e+03 1.964000000000000000e+03
2.220000000000000000e+03 1.976000000000000000e+03
2.191000000000000000e+03 1.988000000000000000e+03
2.161000000000000000e+03 1.998000000000000000e+03
2.131000000000000000e+03 2.004000000000000000e+03
2.101000000000000000e+03 2.010000000000000000e+03
2.070000000000000000e+03 2.017000000000000000e+03
2.039000000000000000e+03 2.021000000000000000e+03
2.008000000000000000e+03 2.024000000000000000e+03
1.977000000000000000e+03 2.024000000000000000e+03
1.946000000000000000e+03 2.027000000000000000e+03
1.915000000000000000e+03 2.028000000000000000e+03
1.884000000000000000e+03 2.028000000000000000e+03
1.853000000000000000e+03 2.024000000000000000e+03
1.822000000000000000e+03 2.020000000000000000e+03
1.791000000000000000e+03 2.016000000000000000e+03
1.760000000000000000e+03 2.015000000000000000e+03
1.729000000000000000e+03 2.009000000000000000e+03
1.699000000000000000e+03 2.001000000000000000e+03
1.669000000000000000e+03 1.994000000000000000e+03
1.638000000000000000e+03 1.985000000000000000e+03
1.609000000000000000e+03 1.976000000000000000e+03
1.579000000000000000e+03 1.967000000000000000e+03
1.549000000000000000e+03 1.962000000000000000e+03
1.518000000000000000e+03 1.959000000000000000e+03
1.487000000000000000e+03 1.954000000000000000e+03
1.457000000000000000e+03 1.951000000000000000e+03
1.426000000000000000e+03 1.946000000000000000e+03
1.394000000000000000e+03 1.945000000000000000e+03
1.364000000000000000e+03 1.938000000000000000e+03
1.333000000000000000e+03 1.932000000000000000e+03
1.302000000000000000e+03 1.928000000000000000e+03
1.272000000000000000e+03 1.920000000000000000e+03
1.242000000000000000e+03 1.913000000000000000e+03
1.211000000000000000e+03 1.906000000000000000e+03
1.182000000000000000e+03 1.897000000000000000e+03
1.152000000000000000e+03 1.886000000000000000e+03
1.124000000000000000e+03 1.871000000000000000e+03
1.097000000000000000e+03 1.858000000000000000e+03
1.069000000000000000e+03 1.842000000000000000e+03
1.042000000000000000e+03 1.829000000000000000e+03
1.013000000000000000e+03 1.814000000000000000e+03
9.850000000000000000e+02 1.801000000000000000e+03
9.590000000000000000e+02 1.786000000000000000e+03
9.320000000000000000e+02 1.768000000000000000e+03
9.030000000000000000e+02 1.756000000000000000e+03
8.750000000000000000e+02 1.742000000000000000e+03
8.480000000000000000e+02 1.728000000000000000e+03
8.210000000000000000e+02 1.711000000000000000e+03
7.950000000000000000e+02 1.695000000000000000e+03
7.690000000000000000e+02 1.676000000000000000e+03
7.430000000000000000e+02 1.658000000000000000e+03
7.180000000000000000e+02 1.640000000000000000e+03
6.910000000000000000e+02 1.625000000000000000e+03
6.630000000000000000e+02 1.610000000000000000e+03
6.360000000000000000e+02 1.596000000000000000e+03
6.100000000000000000e+02 1.579000000000000000e+03
5.820000000000000000e+02 1.564000000000000000e+03
5.580000000000000000e+02 1.544000000000000000e+03
5.320000000000000000e+02 1.526000000000000000e+03
5.090000000000000000e+02 1.506000000000000000e+03
4.830000000000000000e+02 1.489000000000000000e+03
4.580000000000000000e+02 1.470000000000000000e+03
4.340000000000000000e+02 1.449000000000000000e+03
4.110000000000000000e+02 1.428000000000000000e+03
3.900000000000000000e+02 1.406000000000000000e+03
3.670000000000000000e+02 1.385000000000000000e+03
3.450000000000000000e+02 1.362000000000000000e+03
3.250000000000000000e+02 1.340000000000000000e+03
3.030000000000000000e+02 1.317000000000000000e+03
2.820000000000000000e+02 1.295000000000000000e+03
2.630000000000000000e+02 1.271000000000000000e+03
2.460000000000000000e+02 1.246000000000000000e+03
2.270000000000000000e+02 1.220000000000000000e+03
2.080000000000000000e+02 1.196000000000000000e+03
1.900000000000000000e+02 1.171000000000000000e+03
1.720000000000000000e+02 1.145000000000000000e+03
1.550000000000000000e+02 1.119000000000000000e+03
1.400000000000000000e+02 1.092000000000000000e+03
