3.037000000000000000e+03 1.095000000000000000e+03
3.035000000000000000e+03 1.065000000000000000e+03
3.028000000000000000e+03 1.035000000000000000e+03
3.021000000000000000e+03 1.005000000000000000e+03
3.011000000000000000e+03 9.770000000000000000e+02
3.004000000000000000e+03 9.470000000000000000e+02
2.994000000000000000e+03 9.180000000000000000e+02
2.984000000000000000e+03 8.890000000000000000e+02
2.966000000000000000e+03 8.640000000000000000e+02
2.950000000000000000e+03 8.370000000000000000e+02
2.935000000000000000e+03 8.110000000000000000e+02
2.921000000000000000e+03 7.840000000000000000e+02
2.907000000000000000e+03 7.570000000000000000e+02
2.892000000000000000e+03 7.310000000000000000e+02
2.872000000000000000e+03 7.060000000000000000e+02
2.855000000000000000e+03 6.810000000000000000e+02
2.833000000000000000e+03 6.600000000000000000e+02
2.813000000000000000e+03 6.350000000000000000e+02
2.795000000000000000e+03 6.120000000000000000e+02
2.778000000000000000e+03 5.880000000000000000e+02
2.755000000000000000e+03 5.650000000000000000e+02
2.735000000000000000e+03 5.430000000000000000e+02
2.712000000000000000e+03 5.230000000000000000e+02
2.688000000000000000e+03 5.050000000000000000e+02
2.666000000000000000e+03 4.830000000000000000e+02
2.642000000000000000e+03 4.640000000000000000e+02
2.616000000000000000e+03 4.460000000000000000e+02
2.593000000000000000e+03 4.270000000000000000e+02
2.570000000000000000e+03 4.060000000000000000e+02
2.546000000000000000e+03 3.860000000000000000e+02
2.522000000000000000e+03 3.680000000000000000e+02
2.496000000000000000e+03 3.520000000000000000e+02
2.469000000000000000e+03 3.350000000000000000e+02
2.443000000000000000e+03 3.210000000000000000e+02
2.416000000000000000e+03 3.060000000000000000e+02
2.389000000000000000e+03 2.900000000000000000e+02
2.362000000000000000e+03 2.750000000000000000e+02
2.335000000000000000e+03 2.620000000000000000e+02
2.306000000000000000e+03 2.490000000000000000e+02
2.278000000000000000e+03 2.370000000000000000e+02
2.249000000000000000e+03 2.240000000000000000e+02
2.221000000000000000e+03 2.140000000000000000e+02
2.191000000000000000e+03 2.050000000000000000e+02
2.161000000000000000e+03 1.960000000000000000e+02
2.131000000000000000e+03 1.900000000000000000e+02
2.102000000000000000e+03 1.790000000000000000e+02
2.072000000000000000e+03 1.720000000000000000e+02
2.042000000000000000e+03 1.660000000000000000e+02
2.011000000000000000e+03 1.630000000000000000e+02
1.981000000000000000e+03 1.590000000000000000e+02
1.950000000000000000e+03 1.560000000000000000e+02
1.919000000000000000e+03 1.520000000000000000e+02
1.888000000000000000e+03 1.510000000000000000e+02
1.857000000000000000e+03 1.500000000000000000e+02
1.827000000000000000e+03 1.490000000000000000e+02
1.796000000000000000e+03 1.500000000000000000e+02
1.765000000000000000e+03 1.520000000000000000e+02
1.735000000000000000e+03 1.580000000000000000e+02
1.705000000000000000e+03 1.640000000000000000e+02
1.675000000000000000e+03 1.690000000000000000e+02
1.645000000000000000e+03 1.760000000000000000e+02
1.614000000000000000e+03 1.830000000000000000e+02
1.583000000000000000e+03 1.850000000000000000e+02
1.552000000000000000e+03 1.880000000000000000e+02
1.522000000000000000e+03 1.970000000000000000e+02
1.492000000000000000e+03 2.020000000000000000e+02
1.462000000000000000e+03 2.090000000000000000e+02
1.432000000000000000e+03 2.190000000000000000e+02
1.403000000000000000e+03 2.270000000000000000e+02
1.373000000000000000e+03 2.360000000000000000e+02
1.344000000000000000e+03 2.460000000000000000e+02
1.314000000000000000e+03 2.530000000000000000e+02
1.285000000000000000e+03 2.610000000000000000e+02
1.256000000000000000e+03 2.720000000000000000e+02
1.227000000000000000e+03 2.850000000000000000e+02
1.199000000000000000e+03 2.960000000000000000e+02
1.170000000000000000e+03 3.080000000000000000e+02
1.143000000000000000e+03 3.220000000000000000e+02
1.115000000000000000e+03 3.360000000000000000e+02
1.086000000000000000e+03 3.490000000000000000e+02
1.059000000000000000e+03 3.620000000000000000e+02
1.031000000000000000e+03 3.750000000000000000e+02
1.003000000000000000e+03 3.890000000000000000e+02
9.780000000000000000e+02 4.040000000000000000e+02
9.500000000000000000e+02 4.200000000000000000e+02
9.250000000000000000e+02 4.380000000000000000e+02
9.000000000000000000e+02 4.560000000000000000e+02
8.730000000000000000e+02 4.710000000000000000e+02
8.470000000000000000e+02 4.880000000000000000e+02
8.220000000000000000e+02 5.020000000000000000e+02
7.940000000000000000e+02 5.170000000000000000e+02
7.660000000000000000e+02 5.320000000000000000e+02
7.390000000000000000e+02 5.470000000000000000e+02
7.140000000000000000e+02 5.640000000000000000e+02
6.900000000000000000e+02 5.820000000000000000e+02
6.640000000000000000e+02 6.010000000000000000e+02
6.390000000000000000e+02 6.190000000000000000e+02
6.140000000000000000e+02 6.370000000000000000e+02
5.910000000000000000e+02 6.570000000000000000e+02
5.670000000000000000e+02 6.760000000000000000e+02
5.420000000000000000e+02 6.940000000000000000e+02
5.160000000000000000e+02 7.130000000000000000e+02
4.920000000000000000e+02 7.320000000000000000e+02
4.680000000000000000e+02 7.510000000000000000e+02
4.440000000000000000e+02 7.700000000000000000e+02
4.210000000000000000e+02 7.900000000000000000e+02
3.960000000000000000e+02 8.110000000000000000e+02
3.730000000000000000e+02 8.300000000000000000e+02
3.500000000000000000e+02 8.510000000000000000e+02
3.260000000000000000e+02 8.710000000000000000e+02
3.000000000000000000e+02 8.880000000000000000e+02
2.770000000000000000e+02 9.070000000000000000e+02
2.540000000000000000e+02 9.280000000000000000e+02
2.330000000000000000e+02 9.480000000000000000e+02
2.090000000000000000e+02 9.690000000000000000e+02
1.880000000000000000e+02 9.920000000000000000e+02
1.710000000000000000e+02 1.018000000000000000e+03
1.510000000000000000e+02 1.041000000000000000e+03
1.340000000000000000e+02 1.068000000000000000e+03
1.230000000000000000e+02 1.095000000000000000e+03
