3.130000000000000000e+03 1.091000000000000000e+03
3.112000000000000000e+03 1.070000000000000000e+03
3.085000000000000000e+03 1.060000000000000000e+03
3.075000000000000000e+03 1.031000000000000000e+03
3.066000000000000000e+03 1.002000000000000000e+03
3.052000000000000000e+03 9.740000000000000000e+02
3.040000000000000000e+03 9.470000000000000000e+02
3.024000000000000000e+03 9.200000000000000000e+02
3.008000000000000000e+03 8.950000000000000000e+02
2.991000000000000000e+03 8.680000000000000000e+02
2.972000000000000000e+03 8.440000000000000000e+02
2.957000000000000000e+03 8.180000000000000000e+02
2.936000000000000000e+03 7.950000000000000000e+02
2.918000000000000000e+03 7.710000000000000000e+02
2.896000000000000000e+03 7.480000000000000000e+02
2.874000000000000000e+03 7.270000000000000000e+02
2.850000000000000000e+03 7.080000000000000000e+02
2.827000000000000000e+03 6.890000000000000000e+02
2.804000000000000000e+03 6.700000000000000000e+02
2.779000000000000000e+03 6.510000000000000000e+02
2.756000000000000000e+03 6.320000000000000000e+02
2.733000000000000000e+03 6.110000000000000000e+02
2.706000000000000000e+03 5.940000000000000000e+02
2.683000000000000000e+03 5.740000000000000000e+02
2.661000000000000000e+03 5.540000000000000000e+02
2.638000000000000000e+03 5.350000000000000000e+02
2.616000000000000000e+03 5.130000000000000000e+02
2.594000000000000000e+03 4.910000000000000000e+02
2.570000000000000000e+03 4.720000000000000000e+02
2.548000000000000000e+03 4.530000000000000000e+02
2.522000000000000000e+03 4.360000000000000000e+02
2.497000000000000000e+03 4.170000000000000000e+02
2.471000000000000000e+03 4.000000000000000000e+02
2.446000000000000000e+03 3.840000000000000000e+02
2.419000000000000000e+03 3.690000000000000000e+02
2.393000000000000000e+03 3.510000000000000000e+02
2.368000000000000000e+03 3.350000000000000000e+02
2.339000000000000000e+03 3.230000000000000000e+02
2.314000000000000000e+03 3.080000000000000000e+02
2.284000000000000000e+03 2.960000000000000000e+02
2.256000000000000000e+03 2.870000000000000000e+02
2.226000000000000000e+03 2.780000000000000000e+02
2.197000000000000000e+03 2.680000000000000000e+02
2.167000000000000000e+03 2.630000000000000000e+02
2.136000000000000000e+03 2.590000000000000000e+02
2.107000000000000000e+03 2.540000000000000000e+02
2.078000000000000000e+03 2.470000000000000000e+02
2.047000000000000000e+03 2.410000000000000000e+02
2.017000000000000000e+03 2.350000000000000000e+02
1.987000000000000000e+03 2.310000000000000000e+02
1.957000000000000000e+03 2.240000000000000000e+02
1.926000000000000000e+03 2.200000000000000000e+02
1.896000000000000000e+03 2.160000000000000000e+02
1.866000000000000000e+03 2.100000000000000000e+02
1.836000000000000000e+03 2.050000000000000000e+02
1.806000000000000000e+03 2.000000000000000000e+02
1.775000000000000000e+03 1.980000000000000000e+02
1.744000000000000000e+03 1.980000000000000000e+02
1.714000000000000000e+03 1.960000000000000000e+02
1.683000000000000000e+03 1.970000000000000000e+02
1.653000000000000000e+03 2.010000000000000000e+02
1.623000000000000000e+03 2.050000000000000000e+02
1.593000000000000000e+03 2.090000000000000000e+02
1.563000000000000000e+03 2.150000000000000000e+02
1.534000000000000000e+03 2.260000000000000000e+02
1.504000000000000000e+03 2.310000000000000000e+02
1.474000000000000000e+03 2.390000000000000000e+02
1.444000000000000000e+03 2.460000000000000000e+02
1.413000000000000000e+03 2.530000000000000000e+02
1.384000000000000000e+03 2.600000000000000000e+02
1.355000000000000000e+03 2.680000000000000000e+02
1.324000000000000000e+03 2.740000000000000000e+02
1.295000000000000000e+03 2.830000000000000000e+02
1.266000000000000000e+03 2.930000000000000000e+02
1.236000000000000000e+03 3.010000000000000000e+02
1.207000000000000000e+03 3.110000000000000000e+02
1.178000000000000000e+03 3.220000000000000000e+02
1.149000000000000000e+03 3.330000000000000000e+02
1.120000000000000000e+03 3.430000000000000000e+02
1.092000000000000000e+03 3.510000000000000000e+02
1.063000000000000000e+03 3.650000000000000000e+02
1.034000000000000000e+03 3.770000000000000000e+02
1.006000000000000000e+03 3.860000000000000000e+02
9.780000000000000000e+02 3.990000000000000000e+02
9.510000000000000000e+02 4.120000000000000000e+02
9.220000000000000000e+02 4.250000000000000000e+02
8.940000000000000000e+02 4.360000000000000000e+02
8.660000000000000000e+02 4.500000000000000000e+02
8.390000000000000000e+02 4.660000000000000000e+02
8.150000000000000000e+02 4.850000000000000000e+02
7.930000000000000000e+02 5.060000000000000000e+02
7.680000000000000000e+02 5.230000000000000000e+02
7.430000000000000000e+02 5.400000000000000000e+02
7.160000000000000000e+02 5.560000000000000000e+02
6.900000000000000000e+02 5.730000000000000000e+02
6.650000000000000000e+02 5.890000000000000000e+02
6.390000000000000000e+02 6.070000000000000000e+02
6.140000000000000000e+02 6.240000000000000000e+02
5.890000000000000000e+02 6.430000000000000000e+02
5.640000000000000000e+02 6.590000000000000000e+02
5.400000000000000000e+02 6.790000000000000000e+02
5.160000000000000000e+02 6.980000000000000000e+02
4.940000000000000000e+02 7.200000000000000000e+02
4.710000000000000000e+02 7.390000000000000000e+02
4.490000000000000000e+02 7.600000000000000000e+02
4.230000000000000000e+02 7.790000000000000000e+02
3.980000000000000000e+02 7.960000000000000000e+02
3.730000000000000000e+02 8.150000000000000000e+02
3.520000000000000000e+02 8.350000000000000000e+02
3.260000000000000000e+02 8.530000000000000000e+02
3.010000000000000000e+02 8.710000000000000000e+02
2.780000000000000000e+02 8.910000000000000000e+02
2.560000000000000000e+02 9.140000000000000000e+02
2.390000000000000000e+02 9.390000000000000000e+02
2.190000000000000000e+02 9.620000000000000000e+02
1.990000000000000000e+02 9.850000000000000000e+02
1.800000000000000000e+02 1.009000000000000000e+03
1.620000000000000000e+02 1.034000000000000000e+03
1.470000000000000000e+02 1.061000000000000000e+03
1.390000000000000000e+02 1.090000000000000000e+03
