2.742000000000000000e+03 9.740000000000000000e+02
2.718000000000000000e+03 9.630000000000000000e+02
2.707000000000000000e+03 9.390000000000000000e+02
2.695000000000000000e+03 9.150000000000000000e+02
2.686000000000000000e+03 8.900000000000000000e+02
2.675000000000000000e+03 8.640000000000000000e+02
2.663000000000000000e+03 8.410000000000000000e+02
2.649000000000000000e+03 8.160000000000000000e+02
2.637000000000000000e+03 7.930000000000000000e+02
2.622000000000000000e+03 7.700000000000000000e+02
2.607000000000000000e+03 7.480000000000000000e+02
2.591000000000000000e+03 7.270000000000000000e+02
2.574000000000000000e+03 7.050000000000000000e+02
2.559000000000000000e+03 6.830000000000000000e+02
2.540000000000000000e+03 6.660000000000000000e+02
2.525000000000000000e+03 6.430000000000000000e+02
2.508000000000000000e+03 6.210000000000000000e+02
2.493000000000000000e+03 6.000000000000000000e+02
2.476000000000000000e+03 5.780000000000000000e+02
2.457000000000000000e+03 5.590000000000000000e+02
2.442000000000000000e+03 5.380000000000000000e+02
2.420000000000000000e+03 5.210000000000000000e+02
2.400000000000000000e+03 5.040000000000000000e+02
2.378000000000000000e+03 4.880000000000000000e+02
2.362000000000000000e+03 4.650000000000000000e+02
2.342000000000000000e+03 4.470000000000000000e+02
2.321000000000000000e+03 4.300000000000000000e+02
2.302000000000000000e+03 4.100000000000000000e+02
2.283000000000000000e+03 3.910000000000000000e+02
2.262000000000000000e+03 3.740000000000000000e+02
2.241000000000000000e+03 3.570000000000000000e+02
2.218000000000000000e+03 3.430000000000000000e+02
2.197000000000000000e+03 3.260000000000000000e+02
2.174000000000000000e+03 3.100000000000000000e+02
2.153000000000000000e+03 2.940000000000000000e+02
2.130000000000000000e+03 2.800000000000000000e+02
2.106000000000000000e+03 2.680000000000000000e+02
2.081000000000000000e+03 2.580000000000000000e+02
2.055000000000000000e+03 2.470000000000000000e+02
2.030000000000000000e+03 2.380000000000000000e+02
2.005000000000000000e+03 2.290000000000000000e+02
1.978000000000000000e+03 2.210000000000000000e+02
1.953000000000000000e+03 2.140000000000000000e+02
1.928000000000000000e+03 2.050000000000000000e+02
1.902000000000000000e+03 1.960000000000000000e+02
1.876000000000000000e+03 1.910000000000000000e+02
1.849000000000000000e+03 1.850000000000000000e+02
1.822000000000000000e+03 1.820000000000000000e+02
1.795000000000000000e+03 1.790000000000000000e+02
1.768000000000000000e+03 1.760000000000000000e+02
1.742000000000000000e+03 1.750000000000000000e+02
1.715000000000000000e+03 1.750000000000000000e+02
1.688000000000000000e+03 1.760000000000000000e+02
1.661000000000000000e+03 1.780000000000000000e+02
1.634000000000000000e+03 1.810000000000000000e+02
1.607000000000000000e+03 1.830000000000000000e+02
1.580000000000000000e+03 1.850000000000000000e+02
1.553000000000000000e+03 1.840000000000000000e+02
1.527000000000000000e+03 1.860000000000000000e+02
1.500000000000000000e+03 1.900000000000000000e+02
1.473000000000000000e+03 1.920000000000000000e+02
1.446000000000000000e+03 1.930000000000000000e+02
1.419000000000000000e+03 1.970000000000000000e+02
1.392000000000000000e+03 2.020000000000000000e+02
1.366000000000000000e+03 2.080000000000000000e+02
1.340000000000000000e+03 2.140000000000000000e+02
1.313000000000000000e+03 2.200000000000000000e+02
1.287000000000000000e+03 2.260000000000000000e+02
1.260000000000000000e+03 2.310000000000000000e+02
1.234000000000000000e+03 2.390000000000000000e+02
1.209000000000000000e+03 2.480000000000000000e+02
1.182000000000000000e+03 2.560000000000000000e+02
1.156000000000000000e+03 2.620000000000000000e+02
1.130000000000000000e+03 2.700000000000000000e+02
1.106000000000000000e+03 2.800000000000000000e+02
1.081000000000000000e+03 2.900000000000000000e+02
1.057000000000000000e+03 3.030000000000000000e+02
1.032000000000000000e+03 3.140000000000000000e+02
1.007000000000000000e+03 3.260000000000000000e+02
9.830000000000000000e+02 3.380000000000000000e+02
9.600000000000000000e+02 3.500000000000000000e+02
9.340000000000000000e+02 3.620000000000000000e+02
9.110000000000000000e+02 3.740000000000000000e+02
8.860000000000000000e+02 3.850000000000000000e+02
8.620000000000000000e+02 3.980000000000000000e+02
8.380000000000000000e+02 4.090000000000000000e+02
8.140000000000000000e+02 4.230000000000000000e+02
7.930000000000000000e+02 4.400000000000000000e+02
7.720000000000000000e+02 4.570000000000000000e+02
7.530000000000000000e+02 4.750000000000000000e+02
7.320000000000000000e+02 4.920000000000000000e+02
7.070000000000000000e+02 5.060000000000000000e+02
6.840000000000000000e+02 5.160000000000000000e+02
6.600000000000000000e+02 5.290000000000000000e+02
6.350000000000000000e+02 5.420000000000000000e+02
6.120000000000000000e+02 5.550000000000000000e+02
5.890000000000000000e+02 5.700000000000000000e+02
5.660000000000000000e+02 5.840000000000000000e+02
5.430000000000000000e+02 5.990000000000000000e+02
5.210000000000000000e+02 6.160000000000000000e+02
4.990000000000000000e+02 6.320000000000000000e+02
4.780000000000000000e+02 6.490000000000000000e+02
4.580000000000000000e+02 6.670000000000000000e+02
4.380000000000000000e+02 6.840000000000000000e+02
4.160000000000000000e+02 7.020000000000000000e+02
3.960000000000000000e+02 7.200000000000000000e+02
3.770000000000000000e+02 7.390000000000000000e+02
3.560000000000000000e+02 7.540000000000000000e+02
3.340000000000000000e+02 7.710000000000000000e+02
3.120000000000000000e+02 7.870000000000000000e+02
2.930000000000000000e+02 8.050000000000000000e+02
2.720000000000000000e+02 8.240000000000000000e+02
2.500000000000000000e+02 8.390000000000000000e+02
2.290000000000000000e+02 8.570000000000000000e+02
2.100000000000000000e+02 8.750000000000000000e+02
1.900000000000000000e+02 8.930000000000000000e+02
1.710000000000000000e+02 9.120000000000000000e+02
1.530000000000000000e+02 9.320000000000000000e+02
1.400000000000000000e+02 9.560000000000000000e+02
1.280000000000000000e+02 9.810000000000000000e+02
