3.043000000000000000e+03 1.070000000000000000e+03
3.032000000000000000e+03 1.044000000000000000e+03
3.018000000000000000e+03 1.018000000000000000e+03
3.006000000000000000e+03 9.890000000000000000e+02
2.998000000000000000e+03 9.590000000000000000e+02
2.988000000000000000e+03 9.310000000000000000e+02
2.978000000000000000e+03 9.010000000000000000e+02
2.969000000000000000e+03 8.720000000000000000e+02
2.961000000000000000e+03 8.430000000000000000e+02
2.949000000000000000e+03 8.150000000000000000e+02
2.937000000000000000e+03 7.870000000000000000e+02
2.922000000000000000e+03 7.600000000000000000e+02
2.907000000000000000e+03 7.340000000000000000e+02
2.886000000000000000e+03 7.110000000000000000e+02
2.867000000000000000e+03 6.870000000000000000e+02
2.851000000000000000e+03 6.600000000000000000e+02
2.834000000000000000e+03 6.360000000000000000e+02
2.818000000000000000e+03 6.090000000000000000e+02
2.800000000000000000e+03 5.840000000000000000e+02
2.778000000000000000e+03 5.610000000000000000e+02
2.759000000000000000e+03 5.390000000000000000e+02
2.738000000000000000e+03 5.180000000000000000e+02
2.717000000000000000e+03 4.960000000000000000e+02
2.693000000000000000e+03 4.760000000000000000e+02
2.672000000000000000e+03 4.540000000000000000e+02
2.647000000000000000e+03 4.360000000000000000e+02
2.622000000000000000e+03 4.170000000000000000e+02
2.597000000000000000e+03 3.990000000000000000e+02
2.573000000000000000e+03 3.820000000000000000e+02
2.544000000000000000e+03 3.670000000000000000e+02
2.516000000000000000e+03 3.560000000000000000e+02
2.489000000000000000e+03 3.410000000000000000e+02
2.462000000000000000e+03 3.270000000000000000e+02
2.435000000000000000e+03 3.120000000000000000e+02
2.407000000000000000e+03 3.000000000000000000e+02
2.380000000000000000e+03 2.860000000000000000e+02
2.355000000000000000e+03 2.680000000000000000e+02
2.328000000000000000e+03 2.530000000000000000e+02
2.301000000000000000e+03 2.400000000000000000e+02
2.270000000000000000e+03 2.310000000000000000e+02
2.241000000000000000e+03 2.210000000000000000e+02
2.213000000000000000e+03 2.110000000000000000e+02
2.183000000000000000e+03 2.020000000000000000e+02
2.153000000000000000e+03 1.940000000000000000e+02
2.124000000000000000e+03 1.850000000000000000e+02
2.094000000000000000e+03 1.750000000000000000e+02
2.065000000000000000e+03 1.690000000000000000e+02
2.034000000000000000e+03 1.640000000000000000e+02
2.004000000000000000e+03 1.620000000000000000e+02
1.974000000000000000e+03 1.590000000000000000e+02
1.944000000000000000e+03 1.540000000000000000e+02
1.914000000000000000e+03 1.490000000000000000e+02
1.883000000000000000e+03 1.470000000000000000e+02
1.853000000000000000e+03 1.440000000000000000e+02
1.822000000000000000e+03 1.440000000000000000e+02
1.791000000000000000e+03 1.440000000000000000e+02
1.760000000000000000e+03 1.450000000000000000e+02
1.730000000000000000e+03 1.470000000000000000e+02
1.699000000000000000e+03 1.480000000000000000e+02
1.669000000000000000e+03 1.510000000000000000e+02
1.638000000000000000e+03 1.530000000000000000e+02
1.608000000000000000e+03 1.570000000000000000e+02
1.577000000000000000e+03 1.620000000000000000e+02
1.547000000000000000e+03 1.680000000000000000e+02
1.517000000000000000e+03 1.750000000000000000e+02
1.487000000000000000e+03 1.830000000000000000e+02
1.458000000000000000e+03 1.920000000000000000e+02
1.429000000000000000e+03 2.020000000000000000e+02
1.400000000000000000e+03 2.110000000000000000e+02
1.371000000000000000e+03 2.220000000000000000e+02
1.342000000000000000e+03 2.330000000000000000e+02
1.313000000000000000e+03 2.450000000000000000e+02
1.284000000000000000e+03 2.550000000000000000e+02
1.255000000000000000e+03 2.660000000000000000e+02
1.226000000000000000e+03 2.750000000000000000e+02
1.197000000000000000e+03 2.850000000000000000e+02
1.169000000000000000e+03 2.970000000000000000e+02
1.140000000000000000e+03 3.090000000000000000e+02
1.113000000000000000e+03 3.220000000000000000e+02
1.085000000000000000e+03 3.360000000000000000e+02
1.059000000000000000e+03 3.510000000000000000e+02
1.031000000000000000e+03 3.650000000000000000e+02
1.005000000000000000e+03 3.800000000000000000e+02
9.780000000000000000e+02 3.950000000000000000e+02
9.510000000000000000e+02 4.110000000000000000e+02
9.270000000000000000e+02 4.300000000000000000e+02
9.030000000000000000e+02 4.480000000000000000e+02
8.760000000000000000e+02 4.650000000000000000e+02
8.520000000000000000e+02 4.820000000000000000e+02
8.270000000000000000e+02 5.000000000000000000e+02
8.000000000000000000e+02 5.160000000000000000e+02
7.730000000000000000e+02 5.310000000000000000e+02
7.480000000000000000e+02 5.490000000000000000e+02
7.210000000000000000e+02 5.640000000000000000e+02
6.920000000000000000e+02 5.730000000000000000e+02
6.650000000000000000e+02 5.890000000000000000e+02
6.390000000000000000e+02 6.050000000000000000e+02
6.120000000000000000e+02 6.210000000000000000e+02
5.870000000000000000e+02 6.370000000000000000e+02
5.610000000000000000e+02 6.550000000000000000e+02
5.360000000000000000e+02 6.720000000000000000e+02
5.110000000000000000e+02 6.900000000000000000e+02
4.870000000000000000e+02 7.090000000000000000e+02
4.610000000000000000e+02 7.280000000000000000e+02
4.390000000000000000e+02 7.470000000000000000e+02
4.160000000000000000e+02 7.680000000000000000e+02
3.920000000000000000e+02 7.880000000000000000e+02
3.690000000000000000e+02 8.070000000000000000e+02
3.450000000000000000e+02 8.270000000000000000e+02
3.210000000000000000e+02 8.480000000000000000e+02
2.980000000000000000e+02 8.680000000000000000e+02
2.750000000000000000e+02 8.870000000000000000e+02
2.520000000000000000e+02 9.070000000000000000e+02
2.280000000000000000e+02 9.270000000000000000e+02
2.070000000000000000e+02 9.490000000000000000e+02
1.860000000000000000e+02 9.720000000000000000e+02
1.660000000000000000e+02 9.960000000000000000e+02
1.470000000000000000e+02 1.018000000000000000e+03
1.290000000000000000e+02 1.045000000000000000e+03
1.170000000000000000e+02 1.071000000000000000e+03
