2.765000000000000000e+03 9.820000000000000000e+02
2.770000000000000000e+03 9.990000000000000000e+02
2.745000000000000000e+03 1.014000000000000000e+03
2.719000000000000000e+03 1.018000000000000000e+03
2.706000000000000000e+03 1.041000000000000000e+03
2.698000000000000000e+03 1.068000000000000000e+03
2.687000000000000000e+03 1.094000000000000000e+03
2.677000000000000000e+03 1.121000000000000000e+03
2.668000000000000000e+03 1.148000000000000000e+03
2.661000000000000000e+03 1.175000000000000000e+03
2.648000000000000000e+03 1.200000000000000000e+03
2.635000000000000000e+03 1.226000000000000000e+03
2.620000000000000000e+03 1.250000000000000000e+03
2.605000000000000000e+03 1.272000000000000000e+03
2.588000000000000000e+03 1.295000000000000000e+03
2.570000000000000000e+03 1.317000000000000000e+03
2.554000000000000000e+03 1.341000000000000000e+03
2.539000000000000000e+03 1.365000000000000000e+03
2.523000000000000000e+03 1.388000000000000000e+03
2.506000000000000000e+03 1.410000000000000000e+03
2.487000000000000000e+03 1.432000000000000000e+03
2.470000000000000000e+03 1.454000000000000000e+03
2.452000000000000000e+03 1.475000000000000000e+03
2.435000000000000000e+03 1.498000000000000000e+03
2.418000000000000000e+03 1.522000000000000000e+03
2.399000000000000000e+03 1.542000000000000000e+03
2.380000000000000000e+03 1.563000000000000000e+03
2.360000000000000000e+03 1.582000000000000000e+03
2.338000000000000000e+03 1.600000000000000000e+03
2.315000000000000000e+03 1.616000000000000000e+03
2.292000000000000000e+03 1.633000000000000000e+03
2.269000000000000000e+03 1.650000000000000000e+03
2.247000000000000000e+03 1.666000000000000000e+03
2.223000000000000000e+03 1.683000000000000000e+03
2.203000000000000000e+03 1.700000000000000000e+03
2.179000000000000000e+03 1.716000000000000000e+03
2.155000000000000000e+03 1.730000000000000000e+03
2.129000000000000000e+03 1.743000000000000000e+03
2.106000000000000000e+03 1.758000000000000000e+03
2.079000000000000000e+03 1.769000000000000000e+03
2.053000000000000000e+03 1.781000000000000000e+03
2.027000000000000000e+03 1.790000000000000000e+03
2.001000000000000000e+03 1.801000000000000000e+03
1.973000000000000000e+03 1.810000000000000000e+03
1.945000000000000000e+03 1.815000000000000000e+03
1.919000000000000000e+03 1.822000000000000000e+03
1.892000000000000000e+03 1.830000000000000000e+03
1.864000000000000000e+03 1.834000000000000000e+03
1.836000000000000000e+03 1.839000000000000000e+03
1.808000000000000000e+03 1.841000000000000000e+03
1.780000000000000000e+03 1.843000000000000000e+03
1.752000000000000000e+03 1.846000000000000000e+03
1.724000000000000000e+03 1.847000000000000000e+03
1.696000000000000000e+03 1.847000000000000000e+03
1.668000000000000000e+03 1.849000000000000000e+03
1.640000000000000000e+03 1.853000000000000000e+03
1.612000000000000000e+03 1.855000000000000000e+03
1.584000000000000000e+03 1.854000000000000000e+03
1.556000000000000000e+03 1.853000000000000000e+03
1.528000000000000000e+03 1.851000000000000000e+03
1.500000000000000000e+03 1.846000000000000000e+03
1.472000000000000000e+03 1.840000000000000000e+03
1.445000000000000000e+03 1.832000000000000000e+03
1.419000000000000000e+03 1.826000000000000000e+03
1.392000000000000000e+03 1.817000000000000000e+03
1.365000000000000000e+03 1.808000000000000000e+03
1.338000000000000000e+03 1.797000000000000000e+03
1.311000000000000000e+03 1.791000000000000000e+03
1.285000000000000000e+03 1.781000000000000000e+03
1.258000000000000000e+03 1.775000000000000000e+03
1.229000000000000000e+03 1.771000000000000000e+03
1.202000000000000000e+03 1.765000000000000000e+03
1.175000000000000000e+03 1.757000000000000000e+03
1.148000000000000000e+03 1.748000000000000000e+03
1.121000000000000000e+03 1.739000000000000000e+03
1.094000000000000000e+03 1.729000000000000000e+03
1.068000000000000000e+03 1.720000000000000000e+03
1.041000000000000000e+03 1.709000000000000000e+03
1.015000000000000000e+03 1.700000000000000000e+03
9.890000000000000000e+02 1.689000000000000000e+03
9.640000000000000000e+02 1.677000000000000000e+03
9.380000000000000000e+02 1.663000000000000000e+03
9.130000000000000000e+02 1.652000000000000000e+03
8.870000000000000000e+02 1.640000000000000000e+03
8.620000000000000000e+02 1.627000000000000000e+03
8.380000000000000000e+02 1.614000000000000000e+03
8.120000000000000000e+02 1.600000000000000000e+03
7.900000000000000000e+02 1.584000000000000000e+03
7.660000000000000000e+02 1.568000000000000000e+03
7.420000000000000000e+02 1.552000000000000000e+03
7.190000000000000000e+02 1.536000000000000000e+03
6.960000000000000000e+02 1.522000000000000000e+03
6.710000000000000000e+02 1.507000000000000000e+03
6.470000000000000000e+02 1.492000000000000000e+03
6.230000000000000000e+02 1.477000000000000000e+03
6.010000000000000000e+02 1.460000000000000000e+03
5.800000000000000000e+02 1.441000000000000000e+03
5.580000000000000000e+02 1.424000000000000000e+03
5.380000000000000000e+02 1.403000000000000000e+03
5.160000000000000000e+02 1.385000000000000000e+03
4.940000000000000000e+02 1.369000000000000000e+03
4.710000000000000000e+02 1.352000000000000000e+03
4.490000000000000000e+02 1.334000000000000000e+03
4.290000000000000000e+02 1.315000000000000000e+03
4.090000000000000000e+02 1.294000000000000000e+03
3.880000000000000000e+02 1.275000000000000000e+03
3.700000000000000000e+02 1.254000000000000000e+03
3.500000000000000000e+02 1.235000000000000000e+03
3.290000000000000000e+02 1.215000000000000000e+03
3.120000000000000000e+02 1.193000000000000000e+03
2.910000000000000000e+02 1.174000000000000000e+03
2.690000000000000000e+02 1.155000000000000000e+03
2.500000000000000000e+02 1.136000000000000000e+03
2.280000000000000000e+02 1.116000000000000000e+03
2.080000000000000000e+02 1.098000000000000000e+03
1.890000000000000000e+02 1.076000000000000000e+03
1.720000000000000000e+02 1.053000000000000000e+03
1.560000000000000000e+02 1.031000000000000000e+03
1.390000000000000000e+02 1.007000000000000000e+03
1.270000000000000000e+02 9.820000000000000000e+02
