3.031000000000000000e+03 1.047000000000000000e+03
3.028000000000000000e+03 1.017000000000000000e+03
3.016000000000000000e+03 9.900000000000000000e+02
3.002000000000000000e+03 9.640000000000000000e+02
2.994000000000000000e+03 9.350000000000000000e+02
2.981000000000000000e+03 9.070000000000000000e+02
2.970000000000000000e+03 8.800000000000000000e+02
2.957000000000000000e+03 8.520000000000000000e+02
2.944000000000000000e+03 8.250000000000000000e+02
2.929000000000000000e+03 8.000000000000000000e+02
2.915000000000000000e+03 7.730000000000000000e+02
2.902000000000000000e+03 7.460000000000000000e+02
2.887000000000000000e+03 7.210000000000000000e+02
2.870000000000000000e+03 6.960000000000000000e+02
2.853000000000000000e+03 6.700000000000000000e+02
2.832000000000000000e+03 6.490000000000000000e+02
2.811000000000000000e+03 6.290000000000000000e+02
2.790000000000000000e+03 6.060000000000000000e+02
2.771000000000000000e+03 5.840000000000000000e+02
2.750000000000000000e+03 5.620000000000000000e+02
2.726000000000000000e+03 5.430000000000000000e+02
2.703000000000000000e+03 5.240000000000000000e+02
2.679000000000000000e+03 5.060000000000000000e+02
2.653000000000000000e+03 4.900000000000000000e+02
2.630000000000000000e+03 4.720000000000000000e+02
2.607000000000000000e+03 4.520000000000000000e+02
2.583000000000000000e+03 4.340000000000000000e+02
2.559000000000000000e+03 4.170000000000000000e+02
2.536000000000000000e+03 3.980000000000000000e+02
2.510000000000000000e+03 3.830000000000000000e+02
2.484000000000000000e+03 3.660000000000000000e+02
2.459000000000000000e+03 3.500000000000000000e+02
2.434000000000000000e+03 3.340000000000000000e+02
2.409000000000000000e+03 3.190000000000000000e+02
2.381000000000000000e+03 3.060000000000000000e+02
2.353000000000000000e+03 2.940000000000000000e+02
2.325000000000000000e+03 2.820000000000000000e+02
2.300000000000000000e+03 2.680000000000000000e+02
2.272000000000000000e+03 2.570000000000000000e+02
2.244000000000000000e+03 2.440000000000000000e+02
2.216000000000000000e+03 2.340000000000000000e+02
2.188000000000000000e+03 2.240000000000000000e+02
2.159000000000000000e+03 2.160000000000000000e+02
2.129000000000000000e+03 2.100000000000000000e+02
2.100000000000000000e+03 2.020000000000000000e+02
2.071000000000000000e+03 1.960000000000000000e+02
2.041000000000000000e+03 1.880000000000000000e+02
2.012000000000000000e+03 1.790000000000000000e+02
1.984000000000000000e+03 1.750000000000000000e+02
1.954000000000000000e+03 1.680000000000000000e+02
1.924000000000000000e+03 1.630000000000000000e+02
1.894000000000000000e+03 1.550000000000000000e+02
1.866000000000000000e+03 1.490000000000000000e+02
1.836000000000000000e+03 1.460000000000000000e+02
1.806000000000000000e+03 1.450000000000000000e+02
1.776000000000000000e+03 1.470000000000000000e+02
1.746000000000000000e+03 1.480000000000000000e+02
1.716000000000000000e+03 1.460000000000000000e+02
1.687000000000000000e+03 1.450000000000000000e+02
1.657000000000000000e+03 1.470000000000000000e+02
1.626000000000000000e+03 1.530000000000000000e+02
1.598000000000000000e+03 1.600000000000000000e+02
1.568000000000000000e+03 1.680000000000000000e+02
1.541000000000000000e+03 1.770000000000000000e+02
1.511000000000000000e+03 1.860000000000000000e+02
1.483000000000000000e+03 1.960000000000000000e+02
1.453000000000000000e+03 2.050000000000000000e+02
1.425000000000000000e+03 2.140000000000000000e+02
1.396000000000000000e+03 2.220000000000000000e+02
1.367000000000000000e+03 2.290000000000000000e+02
1.338000000000000000e+03 2.380000000000000000e+02
1.309000000000000000e+03 2.470000000000000000e+02
1.282000000000000000e+03 2.580000000000000000e+02
1.252000000000000000e+03 2.650000000000000000e+02
1.223000000000000000e+03 2.710000000000000000e+02
1.193000000000000000e+03 2.780000000000000000e+02
1.166000000000000000e+03 2.860000000000000000e+02
1.137000000000000000e+03 2.980000000000000000e+02
1.110000000000000000e+03 3.080000000000000000e+02
1.082000000000000000e+03 3.210000000000000000e+02
1.053000000000000000e+03 3.330000000000000000e+02
1.027000000000000000e+03 3.450000000000000000e+02
1.000000000000000000e+03 3.610000000000000000e+02
9.730000000000000000e+02 3.730000000000000000e+02
9.470000000000000000e+02 3.860000000000000000e+02
9.190000000000000000e+02 4.000000000000000000e+02
8.930000000000000000e+02 4.130000000000000000e+02
8.670000000000000000e+02 4.300000000000000000e+02
8.420000000000000000e+02 4.470000000000000000e+02
8.180000000000000000e+02 4.630000000000000000e+02
7.930000000000000000e+02 4.820000000000000000e+02
7.660000000000000000e+02 4.950000000000000000e+02
7.400000000000000000e+02 5.090000000000000000e+02
7.150000000000000000e+02 5.250000000000000000e+02
6.910000000000000000e+02 5.430000000000000000e+02
6.670000000000000000e+02 5.630000000000000000e+02
6.430000000000000000e+02 5.800000000000000000e+02
6.200000000000000000e+02 5.990000000000000000e+02
5.970000000000000000e+02 6.180000000000000000e+02
5.740000000000000000e+02 6.370000000000000000e+02
5.510000000000000000e+02 6.590000000000000000e+02
5.310000000000000000e+02 6.810000000000000000e+02
5.110000000000000000e+02 7.030000000000000000e+02
4.900000000000000000e+02 7.250000000000000000e+02
4.710000000000000000e+02 7.470000000000000000e+02
4.470000000000000000e+02 7.670000000000000000e+02
4.240000000000000000e+02 7.860000000000000000e+02
4.020000000000000000e+02 8.070000000000000000e+02
3.820000000000000000e+02 8.290000000000000000e+02
3.600000000000000000e+02 8.490000000000000000e+02
3.400000000000000000e+02 8.710000000000000000e+02
3.200000000000000000e+02 8.940000000000000000e+02
2.980000000000000000e+02 9.130000000000000000e+02
2.740000000000000000e+02 9.330000000000000000e+02
2.530000000000000000e+02 9.550000000000000000e+02
2.300000000000000000e+02 9.740000000000000000e+02
2.070000000000000000e+02 9.930000000000000000e+02
1.820000000000000000e+02 1.010000000000000000e+03
1.580000000000000000e+02 1.028000000000000000e+03
1.340000000000000000e+02 1.047000000000000000e+03
