2.889000000000000000e+03 1.053000000000000000e+03
2.871000000000000000e+03 1.073000000000000000e+03
2.865000000000000000e+03 1.100000000000000000e+03
2.857000000000000000e+03 1.127000000000000000e+03
2.852000000000000000e+03 1.155000000000000000e+03
2.842000000000000000e+03 1.180000000000000000e+03
2.829000000000000000e+03 1.206000000000000000e+03
2.817000000000000000e+03 1.231000000000000000e+03
2.804000000000000000e+03 1.254000000000000000e+03
2.789000000000000000e+03 1.278000000000000000e+03
2.773000000000000000e+03 1.303000000000000000e+03
2.756000000000000000e+03 1.325000000000000000e+03
2.740000000000000000e+03 1.347000000000000000e+03
2.724000000000000000e+03 1.369000000000000000e+03
2.704000000000000000e+03 1.389000000000000000e+03
2.686000000000000000e+03 1.410000000000000000e+03
2.666000000000000000e+03 1.430000000000000000e+03
2.646000000000000000e+03 1.449000000000000000e+03
2.626000000000000000e+03 1.467000000000000000e+03
2.604000000000000000e+03 1.485000000000000000e+03
2.582000000000000000e+03 1.501000000000000000e+03
2.559000000000000000e+03 1.518000000000000000e+03
2.538000000000000000e+03 1.536000000000000000e+03
2.516000000000000000e+03 1.554000000000000000e+03
2.493000000000000000e+03 1.571000000000000000e+03
2.470000000000000000e+03 1.585000000000000000e+03
2.447000000000000000e+03 1.601000000000000000e+03
2.423000000000000000e+03 1.616000000000000000e+03
2.400000000000000000e+03 1.632000000000000000e+03
2.377000000000000000e+03 1.648000000000000000e+03
2.353000000000000000e+03 1.662000000000000000e+03
2.328000000000000000e+03 1.676000000000000000e+03
2.302000000000000000e+03 1.684000000000000000e+03
2.275000000000000000e+03 1.695000000000000000e+03
2.249000000000000000e+03 1.704000000000000000e+03
2.222000000000000000e+03 1.711000000000000000e+03
2.196000000000000000e+03 1.720000000000000000e+03
2.170000000000000000e+03 1.730000000000000000e+03
2.145000000000000000e+03 1.742000000000000000e+03
2.118000000000000000e+03 1.755000000000000000e+03
2.094000000000000000e+03 1.766000000000000000e+03
2.067000000000000000e+03 1.777000000000000000e+03
2.042000000000000000e+03 1.787000000000000000e+03
2.015000000000000000e+03 1.796000000000000000e+03
1.987000000000000000e+03 1.803000000000000000e+03
1.961000000000000000e+03 1.809000000000000000e+03
1.934000000000000000e+03 1.817000000000000000e+03
1.907000000000000000e+03 1.822000000000000000e+03
1.879000000000000000e+03 1.827000000000000000e+03
1.851000000000000000e+03 1.831000000000000000e+03
1.824000000000000000e+03 1.836000000000000000e+03
1.796000000000000000e+03 1.840000000000000000e+03
1.768000000000000000e+03 1.842000000000000000e+03
1.741000000000000000e+03 1.845000000000000000e+03
1.712000000000000000e+03 1.844000000000000000e+03
1.685000000000000000e+03 1.843000000000000000e+03
1.657000000000000000e+03 1.842000000000000000e+03
1.630000000000000000e+03 1.839000000000000000e+03
1.602000000000000000e+03 1.836000000000000000e+03
1.574000000000000000e+03 1.831000000000000000e+03
1.547000000000000000e+03 1.825000000000000000e+03
1.520000000000000000e+03 1.820000000000000000e+03
1.492000000000000000e+03 1.816000000000000000e+03
1.465000000000000000e+03 1.809000000000000000e+03
1.438000000000000000e+03 1.801000000000000000e+03
1.413000000000000000e+03 1.791000000000000000e+03
1.386000000000000000e+03 1.781000000000000000e+03
1.359000000000000000e+03 1.772000000000000000e+03
1.333000000000000000e+03 1.762000000000000000e+03
1.308000000000000000e+03 1.752000000000000000e+03
1.281000000000000000e+03 1.742000000000000000e+03
1.255000000000000000e+03 1.734000000000000000e+03
1.228000000000000000e+03 1.724000000000000000e+03
1.201000000000000000e+03 1.715000000000000000e+03
1.175000000000000000e+03 1.708000000000000000e+03
1.146000000000000000e+03 1.701000000000000000e+03
1.120000000000000000e+03 1.695000000000000000e+03
1.092000000000000000e+03 1.689000000000000000e+03
1.065000000000000000e+03 1.681000000000000000e+03
1.038000000000000000e+03 1.673000000000000000e+03
1.011000000000000000e+03 1.663000000000000000e+03
9.850000000000000000e+02 1.655000000000000000e+03
9.590000000000000000e+02 1.646000000000000000e+03
9.320000000000000000e+02 1.640000000000000000e+03
9.060000000000000000e+02 1.631000000000000000e+03
8.790000000000000000e+02 1.619000000000000000e+03
8.540000000000000000e+02 1.607000000000000000e+03
8.290000000000000000e+02 1.593000000000000000e+03
8.040000000000000000e+02 1.580000000000000000e+03
7.800000000000000000e+02 1.567000000000000000e+03
7.560000000000000000e+02 1.553000000000000000e+03
7.330000000000000000e+02 1.539000000000000000e+03
7.090000000000000000e+02 1.523000000000000000e+03
6.850000000000000000e+02 1.508000000000000000e+03
6.620000000000000000e+02 1.492000000000000000e+03
6.410000000000000000e+02 1.475000000000000000e+03
6.200000000000000000e+02 1.457000000000000000e+03
5.980000000000000000e+02 1.440000000000000000e+03
5.760000000000000000e+02 1.421000000000000000e+03
5.540000000000000000e+02 1.404000000000000000e+03
5.320000000000000000e+02 1.388000000000000000e+03
5.090000000000000000e+02 1.372000000000000000e+03
4.860000000000000000e+02 1.357000000000000000e+03
4.620000000000000000e+02 1.342000000000000000e+03
4.390000000000000000e+02 1.327000000000000000e+03
4.140000000000000000e+02 1.312000000000000000e+03
3.910000000000000000e+02 1.297000000000000000e+03
3.670000000000000000e+02 1.281000000000000000e+03
3.460000000000000000e+02 1.264000000000000000e+03
3.230000000000000000e+02 1.248000000000000000e+03
3.020000000000000000e+02 1.229000000000000000e+03
2.830000000000000000e+02 1.209000000000000000e+03
2.650000000000000000e+02 1.188000000000000000e+03
2.460000000000000000e+02 1.167000000000000000e+03
2.280000000000000000e+02 1.144000000000000000e+03
2.110000000000000000e+02 1.124000000000000000e+03
1.930000000000000000e+02 1.102000000000000000e+03
1.700000000000000000e+02 1.085000000000000000e+03
1.500000000000000000e+02 1.067000000000000000e+03
1.320000000000000000e+02 1.045000000000000000e+03
