3.066000000000000000e+03 1.015000000000000000e+03
3.045000000000000000e+03 1.035000000000000000e+03
3.032000000000000000e+03 1.064000000000000000e+03
3.026000000000000000e+03 1.095000000000000000e+03
3.015000000000000000e+03 1.126000000000000000e+03
3.005000000000000000e+03 1.156000000000000000e+03
2.997000000000000000e+03 1.187000000000000000e+03
2.985000000000000000e+03 1.217000000000000000e+03
2.975000000000000000e+03 1.248000000000000000e+03
2.964000000000000000e+03 1.278000000000000000e+03
2.952000000000000000e+03 1.307000000000000000e+03
2.936000000000000000e+03 1.335000000000000000e+03
2.919000000000000000e+03 1.362000000000000000e+03
2.901000000000000000e+03 1.390000000000000000e+03
2.880000000000000000e+03 1.413000000000000000e+03
2.859000000000000000e+03 1.438000000000000000e+03
2.837000000000000000e+03 1.462000000000000000e+03
2.817000000000000000e+03 1.487000000000000000e+03
2.798000000000000000e+03 1.512000000000000000e+03
2.778000000000000000e+03 1.537000000000000000e+03
2.759000000000000000e+03 1.563000000000000000e+03
2.736000000000000000e+03 1.586000000000000000e+03
2.714000000000000000e+03 1.609000000000000000e+03
2.690000000000000000e+03 1.631000000000000000e+03
2.668000000000000000e+03 1.653000000000000000e+03
2.646000000000000000e+03 1.677000000000000000e+03
2.622000000000000000e+03 1.698000000000000000e+03
2.598000000000000000e+03 1.721000000000000000e+03
2.573000000000000000e+03 1.741000000000000000e+03
2.549000000000000000e+03 1.760000000000000000e+03
2.523000000000000000e+03 1.780000000000000000e+03
2.498000000000000000e+03 1.800000000000000000e+03
2.472000000000000000e+03 1.818000000000000000e+03
2.445000000000000000e+03 1.837000000000000000e+03
2.417000000000000000e+03 1.854000000000000000e+03
2.391000000000000000e+03 1.872000000000000000e+03
2.363000000000000000e+03 1.888000000000000000e+03
2.335000000000000000e+03 1.904000000000000000e+03
2.307000000000000000e+03 1.919000000000000000e+03
2.280000000000000000e+03 1.936000000000000000e+03
2.253000000000000000e+03 1.952000000000000000e+03
2.224000000000000000e+03 1.965000000000000000e+03
2.193000000000000000e+03 1.976000000000000000e+03
2.163000000000000000e+03 1.989000000000000000e+03
2.133000000000000000e+03 1.999000000000000000e+03
2.102000000000000000e+03 2.008000000000000000e+03
2.072000000000000000e+03 2.019000000000000000e+03
2.041000000000000000e+03 2.026000000000000000e+03
2.009000000000000000e+03 2.033000000000000000e+03
1.978000000000000000e+03 2.038000000000000000e+03
1.946000000000000000e+03 2.043000000000000000e+03
1.914000000000000000e+03 2.049000000000000000e+03
1.882000000000000000e+03 2.051000000000000000e+03
1.850000000000000000e+03 2.054000000000000000e+03
1.818000000000000000e+03 2.056000000000000000e+03
1.787000000000000000e+03 2.057000000000000000e+03
1.755000000000000000e+03 2.059000000000000000e+03
1.723000000000000000e+03 2.059000000000000000e+03
1.691000000000000000e+03 2.057000000000000000e+03
1.660000000000000000e+03 2.053000000000000000e+03
1.628000000000000000e+03 2.047000000000000000e+03
1.597000000000000000e+03 2.041000000000000000e+03
1.565000000000000000e+03 2.035000000000000000e+03
1.534000000000000000e+03 2.030000000000000000e+03
1.501000000000000000e+03 2.025000000000000000e+03
1.471000000000000000e+03 2.018000000000000000e+03
1.440000000000000000e+03 2.010000000000000000e+03
1.408000000000000000e+03 2.001000000000000000e+03
1.378000000000000000e+03 1.992000000000000000e+03
1.349000000000000000e+03 1.979000000000000000e+03
1.318000000000000000e+03 1.969000000000000000e+03
1.288000000000000000e+03 1.958000000000000000e+03
1.257000000000000000e+03 1.947000000000000000e+03
1.226000000000000000e+03 1.939000000000000000e+03
1.196000000000000000e+03 1.927000000000000000e+03
1.166000000000000000e+03 1.917000000000000000e+03
1.136000000000000000e+03 1.905000000000000000e+03
1.107000000000000000e+03 1.891000000000000000e+03
1.078000000000000000e+03 1.876000000000000000e+03
1.049000000000000000e+03 1.861000000000000000e+03
1.022000000000000000e+03 1.845000000000000000e+03
9.930000000000000000e+02 1.831000000000000000e+03
9.650000000000000000e+02 1.815000000000000000e+03
9.370000000000000000e+02 1.801000000000000000e+03
9.100000000000000000e+02 1.783000000000000000e+03
8.830000000000000000e+02 1.766000000000000000e+03
8.550000000000000000e+02 1.748000000000000000e+03
8.290000000000000000e+02 1.729000000000000000e+03
8.020000000000000000e+02 1.712000000000000000e+03
7.760000000000000000e+02 1.695000000000000000e+03
7.470000000000000000e+02 1.679000000000000000e+03
7.180000000000000000e+02 1.663000000000000000e+03
6.920000000000000000e+02 1.644000000000000000e+03
6.660000000000000000e+02 1.627000000000000000e+03
6.400000000000000000e+02 1.608000000000000000e+03
6.120000000000000000e+02 1.591000000000000000e+03
5.860000000000000000e+02 1.571000000000000000e+03
5.620000000000000000e+02 1.551000000000000000e+03
5.370000000000000000e+02 1.530000000000000000e+03
5.160000000000000000e+02 1.506000000000000000e+03
4.930000000000000000e+02 1.483000000000000000e+03
4.690000000000000000e+02 1.463000000000000000e+03
4.450000000000000000e+02 1.442000000000000000e+03
4.210000000000000000e+02 1.420000000000000000e+03
3.980000000000000000e+02 1.398000000000000000e+03
3.770000000000000000e+02 1.372000000000000000e+03
3.550000000000000000e+02 1.349000000000000000e+03
3.340000000000000000e+02 1.324000000000000000e+03
3.150000000000000000e+02 1.299000000000000000e+03
2.960000000000000000e+02 1.273000000000000000e+03
2.770000000000000000e+02 1.247000000000000000e+03
2.610000000000000000e+02 1.218000000000000000e+03
2.460000000000000000e+02 1.191000000000000000e+03
2.290000000000000000e+02 1.163000000000000000e+03
2.090000000000000000e+02 1.137000000000000000e+03
1.930000000000000000e+02 1.111000000000000000e+03
1.760000000000000000e+02 1.082000000000000000e+03
1.580000000000000000e+02 1.056000000000000000e+03
1.410000000000000000e+02 1.029000000000000000e+03
1.320000000000000000e+02 9.980000000000000000e+02
