3.037000000000000000e+03 1.096000000000000000e+03
3.031000000000000000e+03 1.124000000000000000e+03
3.024000000000000000e+03 1.153000000000000000e+03
3.012000000000000000e+03 1.180000000000000000e+03
3.001000000000000000e+03 1.208000000000000000e+03
2.992000000000000000e+03 1.235000000000000000e+03
2.982000000000000000e+03 1.263000000000000000e+03
2.968000000000000000e+03 1.290000000000000000e+03
2.953000000000000000e+03 1.314000000000000000e+03
2.937000000000000000e+03 1.338000000000000000e+03
2.921000000000000000e+03 1.361000000000000000e+03
2.902000000000000000e+03 1.385000000000000000e+03
2.882000000000000000e+03 1.407000000000000000e+03
2.862000000000000000e+03 1.428000000000000000e+03
2.841000000000000000e+03 1.447000000000000000e+03
2.820000000000000000e+03 1.469000000000000000e+03
2.796000000000000000e+03 1.487000000000000000e+03
2.775000000000000000e+03 1.507000000000000000e+03
2.753000000000000000e+03 1.527000000000000000e+03
2.734000000000000000e+03 1.548000000000000000e+03
2.711000000000000000e+03 1.568000000000000000e+03
2.689000000000000000e+03 1.587000000000000000e+03
2.667000000000000000e+03 1.607000000000000000e+03
2.643000000000000000e+03 1.626000000000000000e+03
2.622000000000000000e+03 1.644000000000000000e+03
2.599000000000000000e+03 1.662000000000000000e+03
2.575000000000000000e+03 1.681000000000000000e+03
2.551000000000000000e+03 1.696000000000000000e+03
2.527000000000000000e+03 1.714000000000000000e+03
2.501000000000000000e+03 1.730000000000000000e+03
2.477000000000000000e+03 1.746000000000000000e+03
2.451000000000000000e+03 1.760000000000000000e+03
2.426000000000000000e+03 1.776000000000000000e+03
2.400000000000000000e+03 1.788000000000000000e+03
2.373000000000000000e+03 1.800000000000000000e+03
2.346000000000000000e+03 1.812000000000000000e+03
2.320000000000000000e+03 1.823000000000000000e+03
2.291000000000000000e+03 1.835000000000000000e+03
2.264000000000000000e+03 1.847000000000000000e+03
2.237000000000000000e+03 1.857000000000000000e+03
2.210000000000000000e+03 1.868000000000000000e+03
2.181000000000000000e+03 1.877000000000000000e+03
2.153000000000000000e+03 1.886000000000000000e+03
2.125000000000000000e+03 1.897000000000000000e+03
2.097000000000000000e+03 1.904000000000000000e+03
2.068000000000000000e+03 1.911000000000000000e+03
2.040000000000000000e+03 1.916000000000000000e+03
2.010000000000000000e+03 1.920000000000000000e+03
1.981000000000000000e+03 1.922000000000000000e+03
1.952000000000000000e+03 1.925000000000000000e+03
1.923000000000000000e+03 1.927000000000000000e+03
1.892000000000000000e+03 1.930000000000000000e+03
1.863000000000000000e+03 1.931000000000000000e+03
1.834000000000000000e+03 1.933000000000000000e+03
1.805000000000000000e+03 1.931000000000000000e+03
1.776000000000000000e+03 1.927000000000000000e+03
1.747000000000000000e+03 1.922000000000000000e+03
1.718000000000000000e+03 1.915000000000000000e+03
1.689000000000000000e+03 1.910000000000000000e+03
1.660000000000000000e+03 1.905000000000000000e+03
1.632000000000000000e+03 1.902000000000000000e+03
1.603000000000000000e+03 1.893000000000000000e+03
1.575000000000000000e+03 1.884000000000000000e+03
1.546000000000000000e+03 1.877000000000000000e+03
1.518000000000000000e+03 1.869000000000000000e+03
1.489000000000000000e+03 1.862000000000000000e+03
1.461000000000000000e+03 1.856000000000000000e+03
1.431000000000000000e+03 1.850000000000000000e+03
1.402000000000000000e+03 1.847000000000000000e+03
1.374000000000000000e+03 1.839000000000000000e+03
1.345000000000000000e+03 1.831000000000000000e+03
1.317000000000000000e+03 1.823000000000000000e+03
1.288000000000000000e+03 1.816000000000000000e+03
1.259000000000000000e+03 1.811000000000000000e+03
1.231000000000000000e+03 1.804000000000000000e+03
1.203000000000000000e+03 1.797000000000000000e+03
1.174000000000000000e+03 1.790000000000000000e+03
1.145000000000000000e+03 1.781000000000000000e+03
1.116000000000000000e+03 1.772000000000000000e+03
1.090000000000000000e+03 1.761000000000000000e+03
1.063000000000000000e+03 1.749000000000000000e+03
1.036000000000000000e+03 1.737000000000000000e+03
1.008000000000000000e+03 1.725000000000000000e+03
9.820000000000000000e+02 1.714000000000000000e+03
9.560000000000000000e+02 1.699000000000000000e+03
9.290000000000000000e+02 1.687000000000000000e+03
9.030000000000000000e+02 1.673000000000000000e+03
8.770000000000000000e+02 1.660000000000000000e+03
8.500000000000000000e+02 1.647000000000000000e+03
8.250000000000000000e+02 1.633000000000000000e+03
7.980000000000000000e+02 1.622000000000000000e+03
7.730000000000000000e+02 1.606000000000000000e+03
7.480000000000000000e+02 1.590000000000000000e+03
7.230000000000000000e+02 1.574000000000000000e+03
6.990000000000000000e+02 1.557000000000000000e+03
6.750000000000000000e+02 1.539000000000000000e+03
6.500000000000000000e+02 1.524000000000000000e+03
6.270000000000000000e+02 1.507000000000000000e+03
6.010000000000000000e+02 1.490000000000000000e+03
5.790000000000000000e+02 1.471000000000000000e+03
5.560000000000000000e+02 1.453000000000000000e+03
5.340000000000000000e+02 1.434000000000000000e+03
5.100000000000000000e+02 1.416000000000000000e+03
4.860000000000000000e+02 1.400000000000000000e+03
4.620000000000000000e+02 1.382000000000000000e+03
4.370000000000000000e+02 1.366000000000000000e+03
4.140000000000000000e+02 1.348000000000000000e+03
3.910000000000000000e+02 1.329000000000000000e+03
3.670000000000000000e+02 1.310000000000000000e+03
3.440000000000000000e+02 1.293000000000000000e+03
3.220000000000000000e+02 1.274000000000000000e+03
3.000000000000000000e+02 1.253000000000000000e+03
2.780000000000000000e+02 1.234000000000000000e+03
2.570000000000000000e+02 1.215000000000000000e+03
2.330000000000000000e+02 1.196000000000000000e+03
2.110000000000000000e+02 1.176000000000000000e+03
1.880000000000000000e+02 1.159000000000000000e+03
1.660000000000000000e+02 1.137000000000000000e+03
1.440000000000000000e+02 1.118000000000000000e+03
1.240000000000000000e+02 1.097000000000000000e+03
