3.181000000000000000e+03 9.850000000000000000e+02
3.182000000000000000e+03 1.006000000000000000e+03
3.154000000000000000e+03 1.021000000000000000e+03
3.142000000000000000e+03 1.050000000000000000e+03
3.131000000000000000e+03 1.080000000000000000e+03
3.119000000000000000e+03 1.109000000000000000e+03
3.109000000000000000e+03 1.140000000000000000e+03
3.100000000000000000e+03 1.170000000000000000e+03
3.089000000000000000e+03 1.200000000000000000e+03
3.073000000000000000e+03 1.228000000000000000e+03
3.055000000000000000e+03 1.254000000000000000e+03
3.037000000000000000e+03 1.281000000000000000e+03
3.016000000000000000e+03 1.304000000000000000e+03
2.994000000000000000e+03 1.327000000000000000e+03
2.975000000000000000e+03 1.351000000000000000e+03
2.957000000000000000e+03 1.379000000000000000e+03
2.938000000000000000e+03 1.403000000000000000e+03
2.914000000000000000e+03 1.425000000000000000e+03
2.893000000000000000e+03 1.447000000000000000e+03
2.872000000000000000e+03 1.472000000000000000e+03
2.852000000000000000e+03 1.497000000000000000e+03
2.830000000000000000e+03 1.519000000000000000e+03
2.809000000000000000e+03 1.544000000000000000e+03
2.786000000000000000e+03 1.564000000000000000e+03
2.760000000000000000e+03 1.583000000000000000e+03
2.734000000000000000e+03 1.601000000000000000e+03
2.710000000000000000e+03 1.623000000000000000e+03
2.685000000000000000e+03 1.642000000000000000e+03
2.659000000000000000e+03 1.660000000000000000e+03
2.631000000000000000e+03 1.676000000000000000e+03
2.602000000000000000e+03 1.689000000000000000e+03
2.573000000000000000e+03 1.701000000000000000e+03
2.542000000000000000e+03 1.712000000000000000e+03
2.513000000000000000e+03 1.726000000000000000e+03
2.486000000000000000e+03 1.744000000000000000e+03
2.458000000000000000e+03 1.758000000000000000e+03
2.428000000000000000e+03 1.770000000000000000e+03
2.401000000000000000e+03 1.785000000000000000e+03
2.372000000000000000e+03 1.798000000000000000e+03
2.342000000000000000e+03 1.809000000000000000e+03
2.311000000000000000e+03 1.818000000000000000e+03
2.282000000000000000e+03 1.830000000000000000e+03
2.250000000000000000e+03 1.836000000000000000e+03
2.219000000000000000e+03 1.841000000000000000e+03
2.188000000000000000e+03 1.848000000000000000e+03
2.156000000000000000e+03 1.850000000000000000e+03
2.125000000000000000e+03 1.852000000000000000e+03
2.093000000000000000e+03 1.857000000000000000e+03
2.062000000000000000e+03 1.862000000000000000e+03
2.032000000000000000e+03 1.869000000000000000e+03
2.001000000000000000e+03 1.879000000000000000e+03
1.970000000000000000e+03 1.886000000000000000e+03
1.939000000000000000e+03 1.890000000000000000e+03
1.907000000000000000e+03 1.894000000000000000e+03
1.875000000000000000e+03 1.898000000000000000e+03
1.844000000000000000e+03 1.902000000000000000e+03
1.812000000000000000e+03 1.904000000000000000e+03
1.781000000000000000e+03 1.905000000000000000e+03
1.749000000000000000e+03 1.904000000000000000e+03
1.717000000000000000e+03 1.900000000000000000e+03
1.686000000000000000e+03 1.895000000000000000e+03
1.655000000000000000e+03 1.888000000000000000e+03
1.624000000000000000e+03 1.882000000000000000e+03
1.594000000000000000e+03 1.874000000000000000e+03
1.562000000000000000e+03 1.866000000000000000e+03
1.531000000000000000e+03 1.858000000000000000e+03
1.501000000000000000e+03 1.848000000000000000e+03
1.470000000000000000e+03 1.839000000000000000e+03
1.440000000000000000e+03 1.831000000000000000e+03
1.409000000000000000e+03 1.821000000000000000e+03
1.378000000000000000e+03 1.814000000000000000e+03
1.347000000000000000e+03 1.806000000000000000e+03
1.317000000000000000e+03 1.797000000000000000e+03
1.286000000000000000e+03 1.788000000000000000e+03
1.256000000000000000e+03 1.776000000000000000e+03
1.227000000000000000e+03 1.766000000000000000e+03
1.197000000000000000e+03 1.755000000000000000e+03
1.167000000000000000e+03 1.743000000000000000e+03
1.136000000000000000e+03 1.732000000000000000e+03
1.107000000000000000e+03 1.720000000000000000e+03
1.077000000000000000e+03 1.707000000000000000e+03
1.050000000000000000e+03 1.694000000000000000e+03
1.021000000000000000e+03 1.679000000000000000e+03
9.940000000000000000e+02 1.664000000000000000e+03
9.640000000000000000e+02 1.650000000000000000e+03
9.370000000000000000e+02 1.636000000000000000e+03
9.090000000000000000e+02 1.621000000000000000e+03
8.810000000000000000e+02 1.605000000000000000e+03
8.540000000000000000e+02 1.586000000000000000e+03
8.260000000000000000e+02 1.571000000000000000e+03
8.010000000000000000e+02 1.551000000000000000e+03
7.740000000000000000e+02 1.534000000000000000e+03
7.480000000000000000e+02 1.518000000000000000e+03
7.190000000000000000e+02 1.501000000000000000e+03
6.930000000000000000e+02 1.483000000000000000e+03
6.660000000000000000e+02 1.466000000000000000e+03
6.420000000000000000e+02 1.446000000000000000e+03
6.150000000000000000e+02 1.428000000000000000e+03
5.920000000000000000e+02 1.408000000000000000e+03
5.670000000000000000e+02 1.387000000000000000e+03
5.440000000000000000e+02 1.365000000000000000e+03
5.180000000000000000e+02 1.348000000000000000e+03
4.940000000000000000e+02 1.328000000000000000e+03
4.670000000000000000e+02 1.308000000000000000e+03
4.430000000000000000e+02 1.287000000000000000e+03
4.190000000000000000e+02 1.267000000000000000e+03
3.950000000000000000e+02 1.246000000000000000e+03
3.730000000000000000e+02 1.223000000000000000e+03
3.470000000000000000e+02 1.204000000000000000e+03
3.240000000000000000e+02 1.183000000000000000e+03
3.000000000000000000e+02 1.163000000000000000e+03
2.750000000000000000e+02 1.142000000000000000e+03
2.490000000000000000e+02 1.124000000000000000e+03
2.260000000000000000e+02 1.102000000000000000e+03
2.000000000000000000e+02 1.084000000000000000e+03
1.750000000000000000e+02 1.066000000000000000e+03
1.480000000000000000e+02 1.048000000000000000e+03
1.220000000000000000e+02 1.030000000000000000e+03
9.700000000000000000e+01 1.009000000000000000e+03
7.700000000000000000e+01 9.850000000000000000e+02
