2.838000000000000000e+03 1.172000000000000000e+03
2.844000000000000000e+03 1.160000000000000000e+03
2.816000000000000000e+03 1.153000000000000000e+03
2.792000000000000000e+03 1.144000000000000000e+03
2.780000000000000000e+03 1.119000000000000000e+03
2.769000000000000000e+03 1.094000000000000000e+03
2.755000000000000000e+03 1.070000000000000000e+03
2.738000000000000000e+03 1.049000000000000000e+03
2.720000000000000000e+03 1.025000000000000000e+03
2.704000000000000000e+03 1.004000000000000000e+03
2.685000000000000000e+03 9.840000000000000000e+02
2.666000000000000000e+03 9.620000000000000000e+02
2.648000000000000000e+03 9.420000000000000000e+02
2.631000000000000000e+03 9.190000000000000000e+02
2.618000000000000000e+03 8.960000000000000000e+02
2.605000000000000000e+03 8.700000000000000000e+02
2.589000000000000000e+03 8.480000000000000000e+02
2.577000000000000000e+03 8.220000000000000000e+02
2.565000000000000000e+03 7.980000000000000000e+02
2.551000000000000000e+03 7.740000000000000000e+02
2.536000000000000000e+03 7.510000000000000000e+02
2.518000000000000000e+03 7.280000000000000000e+02
2.500000000000000000e+03 7.070000000000000000e+02
2.480000000000000000e+03 6.890000000000000000e+02
2.460000000000000000e+03 6.690000000000000000e+02
2.440000000000000000e+03 6.490000000000000000e+02
2.421000000000000000e+03 6.300000000000000000e+02
2.400000000000000000e+03 6.100000000000000000e+02
2.377000000000000000e+03 5.950000000000000000e+02
2.354000000000000000e+03 5.790000000000000000e+02
2.331000000000000000e+03 5.630000000000000000e+02
2.308000000000000000e+03 5.480000000000000000e+02
2.284000000000000000e+03 5.320000000000000000e+02
2.260000000000000000e+03 5.180000000000000000e+02
2.235000000000000000e+03 5.050000000000000000e+02
2.212000000000000000e+03 4.920000000000000000e+02
2.186000000000000000e+03 4.790000000000000000e+02
2.161000000000000000e+03 4.670000000000000000e+02
2.136000000000000000e+03 4.550000000000000000e+02
2.110000000000000000e+03 4.440000000000000000e+02
2.085000000000000000e+03 4.340000000000000000e+02
2.059000000000000000e+03 4.230000000000000000e+02
2.033000000000000000e+03 4.130000000000000000e+02
2.007000000000000000e+03 4.040000000000000000e+02
1.980000000000000000e+03 3.940000000000000000e+02
1.954000000000000000e+03 3.850000000000000000e+02
1.928000000000000000e+03 3.760000000000000000e+02
1.901000000000000000e+03 3.680000000000000000e+02
1.873000000000000000e+03 3.610000000000000000e+02
1.846000000000000000e+03 3.560000000000000000e+02
1.819000000000000000e+03 3.500000000000000000e+02
1.792000000000000000e+03 3.460000000000000000e+02
1.764000000000000000e+03 3.420000000000000000e+02
1.737000000000000000e+03 3.390000000000000000e+02
1.709000000000000000e+03 3.370000000000000000e+02
1.681000000000000000e+03 3.360000000000000000e+02
1.653000000000000000e+03 3.370000000000000000e+02
1.625000000000000000e+03 3.380000000000000000e+02
1.597000000000000000e+03 3.390000000000000000e+02
1.570000000000000000e+03 3.430000000000000000e+02
1.543000000000000000e+03 3.480000000000000000e+02
1.515000000000000000e+03 3.530000000000000000e+02
1.489000000000000000e+03 3.560000000000000000e+02
1.461000000000000000e+03 3.640000000000000000e+02
1.435000000000000000e+03 3.700000000000000000e+02
1.407000000000000000e+03 3.780000000000000000e+02
1.380000000000000000e+03 3.850000000000000000e+02
1.354000000000000000e+03 3.930000000000000000e+02
1.327000000000000000e+03 4.000000000000000000e+02
1.301000000000000000e+03 4.070000000000000000e+02
1.273000000000000000e+03 4.140000000000000000e+02
1.247000000000000000e+03 4.220000000000000000e+02
1.219000000000000000e+03 4.290000000000000000e+02
1.192000000000000000e+03 4.360000000000000000e+02
1.165000000000000000e+03 4.420000000000000000e+02
1.138000000000000000e+03 4.480000000000000000e+02
1.111000000000000000e+03 4.560000000000000000e+02
1.085000000000000000e+03 4.670000000000000000e+02
1.060000000000000000e+03 4.780000000000000000e+02
1.034000000000000000e+03 4.870000000000000000e+02
1.008000000000000000e+03 4.970000000000000000e+02
9.820000000000000000e+02 5.090000000000000000e+02
9.570000000000000000e+02 5.200000000000000000e+02
9.310000000000000000e+02 5.330000000000000000e+02
9.080000000000000000e+02 5.480000000000000000e+02
8.870000000000000000e+02 5.650000000000000000e+02
8.630000000000000000e+02 5.810000000000000000e+02
8.390000000000000000e+02 5.940000000000000000e+02
8.140000000000000000e+02 6.080000000000000000e+02
7.910000000000000000e+02 6.220000000000000000e+02
7.680000000000000000e+02 6.380000000000000000e+02
7.450000000000000000e+02 6.540000000000000000e+02
7.230000000000000000e+02 6.710000000000000000e+02
7.000000000000000000e+02 6.870000000000000000e+02
6.760000000000000000e+02 7.030000000000000000e+02
6.540000000000000000e+02 7.190000000000000000e+02
6.310000000000000000e+02 7.370000000000000000e+02
6.090000000000000000e+02 7.530000000000000000e+02
5.880000000000000000e+02 7.700000000000000000e+02
5.640000000000000000e+02 7.860000000000000000e+02
5.420000000000000000e+02 8.020000000000000000e+02
5.200000000000000000e+02 8.200000000000000000e+02
4.970000000000000000e+02 8.370000000000000000e+02
4.760000000000000000e+02 8.540000000000000000e+02
4.550000000000000000e+02 8.710000000000000000e+02
4.350000000000000000e+02 8.920000000000000000e+02
4.150000000000000000e+02 9.100000000000000000e+02
3.950000000000000000e+02 9.300000000000000000e+02
3.740000000000000000e+02 9.500000000000000000e+02
3.540000000000000000e+02 9.690000000000000000e+02
3.340000000000000000e+02 9.870000000000000000e+02
3.160000000000000000e+02 1.008000000000000000e+03
2.990000000000000000e+02 1.030000000000000000e+03
2.810000000000000000e+02 1.052000000000000000e+03
2.630000000000000000e+02 1.072000000000000000e+03
2.440000000000000000e+02 1.094000000000000000e+03
2.250000000000000000e+02 1.114000000000000000e+03
2.030000000000000000e+02 1.130000000000000000e+03
1.820000000000000000e+02 1.149000000000000000e+03
1.660000000000000000e+02 1.172000000000000000e+03
