2.829000000000000000e+03 1.179000000000000000e+03
2.807000000000000000e+03 1.193000000000000000e+03
2.789000000000000000e+03 1.212000000000000000e+03
2.774000000000000000e+03 1.233000000000000000e+03
2.764000000000000000e+03 1.257000000000000000e+03
2.754000000000000000e+03 1.282000000000000000e+03
2.740000000000000000e+03 1.304000000000000000e+03
2.724000000000000000e+03 1.327000000000000000e+03
2.709000000000000000e+03 1.347000000000000000e+03
2.696000000000000000e+03 1.371000000000000000e+03
2.682000000000000000e+03 1.392000000000000000e+03
2.668000000000000000e+03 1.416000000000000000e+03
2.653000000000000000e+03 1.438000000000000000e+03
2.639000000000000000e+03 1.459000000000000000e+03
2.621000000000000000e+03 1.479000000000000000e+03
2.602000000000000000e+03 1.498000000000000000e+03
2.584000000000000000e+03 1.517000000000000000e+03
2.564000000000000000e+03 1.534000000000000000e+03
2.543000000000000000e+03 1.551000000000000000e+03
2.523000000000000000e+03 1.567000000000000000e+03
2.502000000000000000e+03 1.584000000000000000e+03
2.481000000000000000e+03 1.600000000000000000e+03
2.460000000000000000e+03 1.616000000000000000e+03
2.437000000000000000e+03 1.630000000000000000e+03
2.415000000000000000e+03 1.644000000000000000e+03
2.394000000000000000e+03 1.660000000000000000e+03
2.371000000000000000e+03 1.675000000000000000e+03
2.349000000000000000e+03 1.686000000000000000e+03
2.326000000000000000e+03 1.701000000000000000e+03
2.303000000000000000e+03 1.714000000000000000e+03
2.279000000000000000e+03 1.727000000000000000e+03
2.256000000000000000e+03 1.739000000000000000e+03
2.233000000000000000e+03 1.752000000000000000e+03
2.208000000000000000e+03 1.764000000000000000e+03
2.186000000000000000e+03 1.776000000000000000e+03
2.162000000000000000e+03 1.788000000000000000e+03
2.138000000000000000e+03 1.800000000000000000e+03
2.113000000000000000e+03 1.810000000000000000e+03
2.089000000000000000e+03 1.820000000000000000e+03
2.064000000000000000e+03 1.829000000000000000e+03
2.039000000000000000e+03 1.837000000000000000e+03
2.013000000000000000e+03 1.845000000000000000e+03
1.989000000000000000e+03 1.855000000000000000e+03
1.963000000000000000e+03 1.864000000000000000e+03
1.938000000000000000e+03 1.869000000000000000e+03
1.912000000000000000e+03 1.874000000000000000e+03
1.885000000000000000e+03 1.879000000000000000e+03
1.860000000000000000e+03 1.885000000000000000e+03
1.834000000000000000e+03 1.890000000000000000e+03
1.808000000000000000e+03 1.895000000000000000e+03
1.782000000000000000e+03 1.897000000000000000e+03
1.756000000000000000e+03 1.898000000000000000e+03
1.729000000000000000e+03 1.899000000000000000e+03
1.703000000000000000e+03 1.898000000000000000e+03
1.676000000000000000e+03 1.896000000000000000e+03
1.650000000000000000e+03 1.894000000000000000e+03
1.623000000000000000e+03 1.892000000000000000e+03
1.597000000000000000e+03 1.890000000000000000e+03
1.571000000000000000e+03 1.887000000000000000e+03
1.545000000000000000e+03 1.884000000000000000e+03
1.519000000000000000e+03 1.881000000000000000e+03
1.493000000000000000e+03 1.877000000000000000e+03
1.467000000000000000e+03 1.872000000000000000e+03
1.440000000000000000e+03 1.868000000000000000e+03
1.414000000000000000e+03 1.863000000000000000e+03
1.388000000000000000e+03 1.858000000000000000e+03
1.362000000000000000e+03 1.853000000000000000e+03
1.337000000000000000e+03 1.849000000000000000e+03
1.311000000000000000e+03 1.843000000000000000e+03
1.285000000000000000e+03 1.836000000000000000e+03
1.259000000000000000e+03 1.828000000000000000e+03
1.234000000000000000e+03 1.820000000000000000e+03
1.209000000000000000e+03 1.810000000000000000e+03
1.183000000000000000e+03 1.803000000000000000e+03
1.158000000000000000e+03 1.798000000000000000e+03
1.132000000000000000e+03 1.792000000000000000e+03
1.106000000000000000e+03 1.785000000000000000e+03
1.080000000000000000e+03 1.778000000000000000e+03
1.055000000000000000e+03 1.772000000000000000e+03
1.030000000000000000e+03 1.763000000000000000e+03
1.005000000000000000e+03 1.753000000000000000e+03
9.820000000000000000e+02 1.741000000000000000e+03
9.560000000000000000e+02 1.732000000000000000e+03
9.310000000000000000e+02 1.723000000000000000e+03
9.070000000000000000e+02 1.714000000000000000e+03
8.810000000000000000e+02 1.705000000000000000e+03
8.570000000000000000e+02 1.693000000000000000e+03
8.320000000000000000e+02 1.683000000000000000e+03
8.090000000000000000e+02 1.671000000000000000e+03
7.860000000000000000e+02 1.658000000000000000e+03
7.630000000000000000e+02 1.645000000000000000e+03
7.400000000000000000e+02 1.631000000000000000e+03
7.170000000000000000e+02 1.617000000000000000e+03
6.940000000000000000e+02 1.603000000000000000e+03
6.730000000000000000e+02 1.589000000000000000e+03
6.530000000000000000e+02 1.571000000000000000e+03
6.330000000000000000e+02 1.554000000000000000e+03
6.120000000000000000e+02 1.536000000000000000e+03
5.910000000000000000e+02 1.522000000000000000e+03
5.680000000000000000e+02 1.506000000000000000e+03
5.480000000000000000e+02 1.491000000000000000e+03
5.260000000000000000e+02 1.475000000000000000e+03
5.040000000000000000e+02 1.460000000000000000e+03
4.830000000000000000e+02 1.443000000000000000e+03
4.620000000000000000e+02 1.426000000000000000e+03
4.410000000000000000e+02 1.411000000000000000e+03
4.200000000000000000e+02 1.396000000000000000e+03
3.980000000000000000e+02 1.381000000000000000e+03
3.760000000000000000e+02 1.364000000000000000e+03
3.540000000000000000e+02 1.350000000000000000e+03
3.340000000000000000e+02 1.333000000000000000e+03
3.130000000000000000e+02 1.317000000000000000e+03
2.920000000000000000e+02 1.300000000000000000e+03
2.720000000000000000e+02 1.283000000000000000e+03
2.520000000000000000e+02 1.266000000000000000e+03
2.320000000000000000e+02 1.249000000000000000e+03
2.120000000000000000e+02 1.231000000000000000e+03
1.920000000000000000e+02 1.215000000000000000e+03
1.710000000000000000e+02 1.196000000000000000e+03
1.650000000000000000e+02 1.174000000000000000e+03
