3.061000000000000000e+03 9.800000000000000000e+02
3.086000000000000000e+03 9.880000000000000000e+02
3.015000000000000000e+03 9.520000000000000000e+02
2.997000000000000000e+03 9.290000000000000000e+02
2.979000000000000000e+03 9.070000000000000000e+02
2.962000000000000000e+03 8.830000000000000000e+02
2.943000000000000000e+03 8.600000000000000000e+02
2.929000000000000000e+03 8.350000000000000000e+02
2.916000000000000000e+03 8.090000000000000000e+02
2.903000000000000000e+03 7.840000000000000000e+02
2.888000000000000000e+03 7.590000000000000000e+02
2.869000000000000000e+03 7.360000000000000000e+02
2.851000000000000000e+03 7.130000000000000000e+02
2.835000000000000000e+03 6.890000000000000000e+02
2.814000000000000000e+03 6.680000000000000000e+02
2.797000000000000000e+03 6.460000000000000000e+02
2.777000000000000000e+03 6.230000000000000000e+02
2.757000000000000000e+03 6.020000000000000000e+02
2.737000000000000000e+03 5.820000000000000000e+02
2.715000000000000000e+03 5.630000000000000000e+02
2.694000000000000000e+03 5.420000000000000000e+02
2.672000000000000000e+03 5.220000000000000000e+02
2.652000000000000000e+03 5.010000000000000000e+02
2.633000000000000000e+03 4.780000000000000000e+02
2.612000000000000000e+03 4.580000000000000000e+02
2.588000000000000000e+03 4.410000000000000000e+02
2.566000000000000000e+03 4.210000000000000000e+02
2.542000000000000000e+03 4.050000000000000000e+02
2.518000000000000000e+03 3.870000000000000000e+02
2.495000000000000000e+03 3.700000000000000000e+02
2.472000000000000000e+03 3.530000000000000000e+02
2.445000000000000000e+03 3.370000000000000000e+02
2.421000000000000000e+03 3.210000000000000000e+02
2.396000000000000000e+03 3.060000000000000000e+02
2.370000000000000000e+03 2.940000000000000000e+02
2.343000000000000000e+03 2.840000000000000000e+02
2.317000000000000000e+03 2.700000000000000000e+02
2.288000000000000000e+03 2.600000000000000000e+02
2.260000000000000000e+03 2.540000000000000000e+02
2.231000000000000000e+03 2.500000000000000000e+02
2.204000000000000000e+03 2.370000000000000000e+02
2.177000000000000000e+03 2.270000000000000000e+02
2.149000000000000000e+03 2.180000000000000000e+02
2.122000000000000000e+03 2.070000000000000000e+02
2.094000000000000000e+03 1.970000000000000000e+02
2.065000000000000000e+03 1.900000000000000000e+02
2.037000000000000000e+03 1.850000000000000000e+02
2.008000000000000000e+03 1.800000000000000000e+02
1.978000000000000000e+03 1.750000000000000000e+02
1.950000000000000000e+03 1.720000000000000000e+02
1.921000000000000000e+03 1.670000000000000000e+02
1.892000000000000000e+03 1.630000000000000000e+02
1.863000000000000000e+03 1.600000000000000000e+02
1.833000000000000000e+03 1.580000000000000000e+02
1.804000000000000000e+03 1.560000000000000000e+02
1.775000000000000000e+03 1.550000000000000000e+02
1.746000000000000000e+03 1.550000000000000000e+02
1.716000000000000000e+03 1.550000000000000000e+02
1.688000000000000000e+03 1.550000000000000000e+02
1.658000000000000000e+03 1.590000000000000000e+02
1.630000000000000000e+03 1.640000000000000000e+02
1.600000000000000000e+03 1.710000000000000000e+02
1.574000000000000000e+03 1.800000000000000000e+02
1.546000000000000000e+03 1.910000000000000000e+02
1.517000000000000000e+03 1.960000000000000000e+02
1.489000000000000000e+03 2.050000000000000000e+02
1.461000000000000000e+03 2.140000000000000000e+02
1.432000000000000000e+03 2.210000000000000000e+02
1.404000000000000000e+03 2.300000000000000000e+02
1.375000000000000000e+03 2.370000000000000000e+02
1.347000000000000000e+03 2.450000000000000000e+02
1.319000000000000000e+03 2.510000000000000000e+02
1.291000000000000000e+03 2.610000000000000000e+02
1.263000000000000000e+03 2.710000000000000000e+02
1.235000000000000000e+03 2.810000000000000000e+02
1.208000000000000000e+03 2.910000000000000000e+02
1.182000000000000000e+03 3.050000000000000000e+02
1.157000000000000000e+03 3.170000000000000000e+02
1.129000000000000000e+03 3.270000000000000000e+02
1.101000000000000000e+03 3.360000000000000000e+02
1.073000000000000000e+03 3.460000000000000000e+02
1.047000000000000000e+03 3.580000000000000000e+02
1.019000000000000000e+03 3.700000000000000000e+02
9.920000000000000000e+02 3.820000000000000000e+02
9.670000000000000000e+02 3.960000000000000000e+02
9.410000000000000000e+02 4.100000000000000000e+02
9.160000000000000000e+02 4.250000000000000000e+02
8.890000000000000000e+02 4.390000000000000000e+02
8.630000000000000000e+02 4.540000000000000000e+02
8.380000000000000000e+02 4.690000000000000000e+02
8.150000000000000000e+02 4.850000000000000000e+02
7.880000000000000000e+02 5.000000000000000000e+02
7.640000000000000000e+02 5.150000000000000000e+02
7.390000000000000000e+02 5.310000000000000000e+02
7.140000000000000000e+02 5.470000000000000000e+02
6.930000000000000000e+02 5.670000000000000000e+02
6.690000000000000000e+02 5.830000000000000000e+02
6.430000000000000000e+02 5.990000000000000000e+02
6.200000000000000000e+02 6.170000000000000000e+02
5.970000000000000000e+02 6.350000000000000000e+02
5.750000000000000000e+02 6.530000000000000000e+02
5.510000000000000000e+02 6.720000000000000000e+02
5.280000000000000000e+02 6.910000000000000000e+02
5.060000000000000000e+02 7.090000000000000000e+02
4.830000000000000000e+02 7.280000000000000000e+02
4.620000000000000000e+02 7.490000000000000000e+02
4.410000000000000000e+02 7.690000000000000000e+02
4.180000000000000000e+02 7.870000000000000000e+02
3.950000000000000000e+02 8.050000000000000000e+02
3.710000000000000000e+02 8.230000000000000000e+02
3.480000000000000000e+02 8.410000000000000000e+02
3.250000000000000000e+02 8.590000000000000000e+02
3.010000000000000000e+02 8.760000000000000000e+02
2.780000000000000000e+02 8.950000000000000000e+02
2.530000000000000000e+02 9.100000000000000000e+02
2.280000000000000000e+02 9.260000000000000000e+02
2.040000000000000000e+02 9.420000000000000000e+02
1.800000000000000000e+02 9.600000000000000000e+02
1.570000000000000000e+02 9.780000000000000000e+02
1.340000000000000000e+02 9.970000000000000000e+02
