2.884000000000000000e+03 8.450000000000000000e+02
2.911000000000000000e+03 8.380000000000000000e+02
2.849000000000000000e+03 8.800000000000000000e+02
2.841000000000000000e+03 9.080000000000000000e+02
2.833000000000000000e+03 9.340000000000000000e+02
2.825000000000000000e+03 9.600000000000000000e+02
2.815000000000000000e+03 9.860000000000000000e+02
2.804000000000000000e+03 1.010000000000000000e+03
2.793000000000000000e+03 1.037000000000000000e+03
2.780000000000000000e+03 1.060000000000000000e+03
2.764000000000000000e+03 1.083000000000000000e+03
2.746000000000000000e+03 1.105000000000000000e+03
2.729000000000000000e+03 1.126000000000000000e+03
2.712000000000000000e+03 1.148000000000000000e+03
2.694000000000000000e+03 1.170000000000000000e+03
2.675000000000000000e+03 1.189000000000000000e+03
2.654000000000000000e+03 1.208000000000000000e+03
2.635000000000000000e+03 1.227000000000000000e+03
2.614000000000000000e+03 1.247000000000000000e+03
2.594000000000000000e+03 1.264000000000000000e+03
2.571000000000000000e+03 1.281000000000000000e+03
2.550000000000000000e+03 1.299000000000000000e+03
2.530000000000000000e+03 1.319000000000000000e+03
2.509000000000000000e+03 1.337000000000000000e+03
2.488000000000000000e+03 1.353000000000000000e+03
2.467000000000000000e+03 1.371000000000000000e+03
2.445000000000000000e+03 1.388000000000000000e+03
2.422000000000000000e+03 1.406000000000000000e+03
2.399000000000000000e+03 1.420000000000000000e+03
2.374000000000000000e+03 1.433000000000000000e+03
2.350000000000000000e+03 1.447000000000000000e+03
2.326000000000000000e+03 1.458000000000000000e+03
2.299000000000000000e+03 1.470000000000000000e+03
2.275000000000000000e+03 1.481000000000000000e+03
2.248000000000000000e+03 1.491000000000000000e+03
2.221000000000000000e+03 1.499000000000000000e+03
2.196000000000000000e+03 1.506000000000000000e+03
2.169000000000000000e+03 1.515000000000000000e+03
2.142000000000000000e+03 1.522000000000000000e+03
2.115000000000000000e+03 1.528000000000000000e+03
2.087000000000000000e+03 1.533000000000000000e+03
2.060000000000000000e+03 1.537000000000000000e+03
2.033000000000000000e+03 1.542000000000000000e+03
2.005000000000000000e+03 1.544000000000000000e+03
1.978000000000000000e+03 1.547000000000000000e+03
1.950000000000000000e+03 1.547000000000000000e+03
1.923000000000000000e+03 1.548000000000000000e+03
1.895000000000000000e+03 1.549000000000000000e+03
1.867000000000000000e+03 1.550000000000000000e+03
1.840000000000000000e+03 1.550000000000000000e+03
1.812000000000000000e+03 1.550000000000000000e+03
1.784000000000000000e+03 1.548000000000000000e+03
1.757000000000000000e+03 1.546000000000000000e+03
1.729000000000000000e+03 1.544000000000000000e+03
1.702000000000000000e+03 1.542000000000000000e+03
1.674000000000000000e+03 1.538000000000000000e+03
1.646000000000000000e+03 1.536000000000000000e+03
1.619000000000000000e+03 1.534000000000000000e+03
1.592000000000000000e+03 1.532000000000000000e+03
1.564000000000000000e+03 1.530000000000000000e+03
1.536000000000000000e+03 1.527000000000000000e+03
1.510000000000000000e+03 1.524000000000000000e+03
1.482000000000000000e+03 1.518000000000000000e+03
1.456000000000000000e+03 1.512000000000000000e+03
1.429000000000000000e+03 1.505000000000000000e+03
1.402000000000000000e+03 1.498000000000000000e+03
1.376000000000000000e+03 1.490000000000000000e+03
1.349000000000000000e+03 1.482000000000000000e+03
1.322000000000000000e+03 1.474000000000000000e+03
1.296000000000000000e+03 1.467000000000000000e+03
1.270000000000000000e+03 1.459000000000000000e+03
1.242000000000000000e+03 1.450000000000000000e+03
1.215000000000000000e+03 1.442000000000000000e+03
1.189000000000000000e+03 1.432000000000000000e+03
1.164000000000000000e+03 1.424000000000000000e+03
1.139000000000000000e+03 1.411000000000000000e+03
1.113000000000000000e+03 1.401000000000000000e+03
1.086000000000000000e+03 1.393000000000000000e+03
1.059000000000000000e+03 1.388000000000000000e+03
1.033000000000000000e+03 1.381000000000000000e+03
1.005000000000000000e+03 1.372000000000000000e+03
9.780000000000000000e+02 1.364000000000000000e+03
9.530000000000000000e+02 1.357000000000000000e+03
9.270000000000000000e+02 1.347000000000000000e+03
9.020000000000000000e+02 1.335000000000000000e+03
8.770000000000000000e+02 1.322000000000000000e+03
8.520000000000000000e+02 1.310000000000000000e+03
8.270000000000000000e+02 1.297000000000000000e+03
8.030000000000000000e+02 1.285000000000000000e+03
7.780000000000000000e+02 1.272000000000000000e+03
7.530000000000000000e+02 1.261000000000000000e+03
7.270000000000000000e+02 1.249000000000000000e+03
7.010000000000000000e+02 1.238000000000000000e+03
6.770000000000000000e+02 1.224000000000000000e+03
6.530000000000000000e+02 1.211000000000000000e+03
6.280000000000000000e+02 1.196000000000000000e+03
6.040000000000000000e+02 1.185000000000000000e+03
5.800000000000000000e+02 1.170000000000000000e+03
5.570000000000000000e+02 1.155000000000000000e+03
5.350000000000000000e+02 1.137000000000000000e+03
5.130000000000000000e+02 1.120000000000000000e+03
4.900000000000000000e+02 1.106000000000000000e+03
4.650000000000000000e+02 1.093000000000000000e+03
4.410000000000000000e+02 1.079000000000000000e+03
4.160000000000000000e+02 1.065000000000000000e+03
3.950000000000000000e+02 1.049000000000000000e+03
3.730000000000000000e+02 1.031000000000000000e+03
3.500000000000000000e+02 1.016000000000000000e+03
3.260000000000000000e+02 1.002000000000000000e+03
3.010000000000000000e+02 9.880000000000000000e+02
2.770000000000000000e+02 9.750000000000000000e+02
2.550000000000000000e+02 9.580000000000000000e+02
2.320000000000000000e+02 9.430000000000000000e+02
2.100000000000000000e+02 9.260000000000000000e+02
1.870000000000000000e+02 9.100000000000000000e+02
1.650000000000000000e+02 8.930000000000000000e+02
1.440000000000000000e+02 8.770000000000000000e+02
1.230000000000000000e+02 8.580000000000000000e+02
1.050000000000000000e+02 8.370000000000000000e+02
8.800000000000000000e+01 8.150000000000000000e+02
