2.872000000000000000e+03 8.000000000000000000e+02
2.900000000000000000e+03 7.960000000000000000e+02
2.845000000000000000e+03 7.610000000000000000e+02
2.834000000000000000e+03 7.360000000000000000e+02
2.828000000000000000e+03 7.090000000000000000e+02
2.819000000000000000e+03 6.830000000000000000e+02
2.808000000000000000e+03 6.570000000000000000e+02
2.797000000000000000e+03 6.320000000000000000e+02
2.781000000000000000e+03 6.090000000000000000e+02
2.765000000000000000e+03 5.870000000000000000e+02
2.753000000000000000e+03 5.610000000000000000e+02
2.740000000000000000e+03 5.360000000000000000e+02
2.728000000000000000e+03 5.120000000000000000e+02
2.714000000000000000e+03 4.880000000000000000e+02
2.697000000000000000e+03 4.660000000000000000e+02
2.678000000000000000e+03 4.450000000000000000e+02
2.657000000000000000e+03 4.260000000000000000e+02
2.636000000000000000e+03 4.080000000000000000e+02
2.618000000000000000e+03 3.870000000000000000e+02
2.597000000000000000e+03 3.690000000000000000e+02
2.576000000000000000e+03 3.490000000000000000e+02
2.555000000000000000e+03 3.320000000000000000e+02
2.536000000000000000e+03 3.110000000000000000e+02
2.514000000000000000e+03 2.950000000000000000e+02
2.493000000000000000e+03 2.770000000000000000e+02
2.470000000000000000e+03 2.600000000000000000e+02
2.447000000000000000e+03 2.430000000000000000e+02
2.425000000000000000e+03 2.270000000000000000e+02
2.401000000000000000e+03 2.110000000000000000e+02
2.378000000000000000e+03 1.960000000000000000e+02
2.353000000000000000e+03 1.840000000000000000e+02
2.328000000000000000e+03 1.710000000000000000e+02
2.303000000000000000e+03 1.610000000000000000e+02
2.276000000000000000e+03 1.520000000000000000e+02
2.250000000000000000e+03 1.400000000000000000e+02
2.224000000000000000e+03 1.320000000000000000e+02
2.197000000000000000e+03 1.230000000000000000e+02
2.170000000000000000e+03 1.170000000000000000e+02
2.142000000000000000e+03 1.110000000000000000e+02
2.116000000000000000e+03 1.050000000000000000e+02
2.088000000000000000e+03 9.900000000000000000e+01
2.062000000000000000e+03 9.200000000000000000e+01
2.034000000000000000e+03 8.600000000000000000e+01
2.006000000000000000e+03 8.200000000000000000e+01
1.978000000000000000e+03 8.000000000000000000e+01
1.951000000000000000e+03 8.000000000000000000e+01
1.923000000000000000e+03 7.800000000000000000e+01
1.896000000000000000e+03 8.200000000000000000e+01
1.868000000000000000e+03 8.700000000000000000e+01
1.840000000000000000e+03 8.900000000000000000e+01
1.812000000000000000e+03 9.000000000000000000e+01
1.784000000000000000e+03 9.000000000000000000e+01
1.757000000000000000e+03 9.200000000000000000e+01
1.729000000000000000e+03 9.600000000000000000e+01
1.702000000000000000e+03 1.000000000000000000e+02
1.674000000000000000e+03 1.050000000000000000e+02
1.647000000000000000e+03 1.080000000000000000e+02
1.619000000000000000e+03 1.110000000000000000e+02
1.592000000000000000e+03 1.140000000000000000e+02
1.564000000000000000e+03 1.170000000000000000e+02
1.536000000000000000e+03 1.190000000000000000e+02
1.509000000000000000e+03 1.230000000000000000e+02
1.481000000000000000e+03 1.260000000000000000e+02
1.454000000000000000e+03 1.280000000000000000e+02
1.425000000000000000e+03 1.320000000000000000e+02
1.398000000000000000e+03 1.390000000000000000e+02
1.371000000000000000e+03 1.430000000000000000e+02
1.344000000000000000e+03 1.460000000000000000e+02
1.316000000000000000e+03 1.490000000000000000e+02
1.288000000000000000e+03 1.530000000000000000e+02
1.262000000000000000e+03 1.580000000000000000e+02
1.233000000000000000e+03 1.660000000000000000e+02
1.206000000000000000e+03 1.690000000000000000e+02
1.179000000000000000e+03 1.730000000000000000e+02
1.152000000000000000e+03 1.770000000000000000e+02
1.124000000000000000e+03 1.870000000000000000e+02
1.098000000000000000e+03 1.940000000000000000e+02
1.071000000000000000e+03 2.000000000000000000e+02
1.045000000000000000e+03 2.080000000000000000e+02
1.018000000000000000e+03 2.180000000000000000e+02
9.900000000000000000e+02 2.260000000000000000e+02
9.640000000000000000e+02 2.330000000000000000e+02
9.380000000000000000e+02 2.420000000000000000e+02
9.110000000000000000e+02 2.530000000000000000e+02
8.860000000000000000e+02 2.660000000000000000e+02
8.610000000000000000e+02 2.770000000000000000e+02
8.350000000000000000e+02 2.900000000000000000e+02
8.090000000000000000e+02 3.000000000000000000e+02
7.840000000000000000e+02 3.100000000000000000e+02
7.580000000000000000e+02 3.220000000000000000e+02
7.330000000000000000e+02 3.340000000000000000e+02
7.090000000000000000e+02 3.480000000000000000e+02
6.850000000000000000e+02 3.630000000000000000e+02
6.620000000000000000e+02 3.770000000000000000e+02
6.380000000000000000e+02 3.930000000000000000e+02
6.150000000000000000e+02 4.090000000000000000e+02
5.910000000000000000e+02 4.230000000000000000e+02
5.680000000000000000e+02 4.380000000000000000e+02
5.430000000000000000e+02 4.510000000000000000e+02
5.210000000000000000e+02 4.670000000000000000e+02
4.980000000000000000e+02 4.850000000000000000e+02
4.760000000000000000e+02 5.020000000000000000e+02
4.540000000000000000e+02 5.190000000000000000e+02
4.320000000000000000e+02 5.350000000000000000e+02
4.070000000000000000e+02 5.500000000000000000e+02
3.850000000000000000e+02 5.670000000000000000e+02
3.630000000000000000e+02 5.850000000000000000e+02
3.420000000000000000e+02 6.020000000000000000e+02
3.210000000000000000e+02 6.210000000000000000e+02
3.010000000000000000e+02 6.410000000000000000e+02
2.830000000000000000e+02 6.620000000000000000e+02
2.650000000000000000e+02 6.830000000000000000e+02
2.450000000000000000e+02 7.030000000000000000e+02
2.310000000000000000e+02 7.280000000000000000e+02
2.050000000000000000e+02 7.360000000000000000e+02
1.800000000000000000e+02 7.500000000000000000e+02
1.570000000000000000e+02 7.660000000000000000e+02
1.340000000000000000e+02 7.810000000000000000e+02
1.130000000000000000e+02 7.980000000000000000e+02
8.900000000000000000e+01 8.140000000000000000e+02
